File name	m013_cohortA_BEEG03_day1.kcd
Result analysis file name	m013_cohortA_BEEG03_day1_3p.raf
Subject	m013_cohortA_01_29_2
Gender	
Age
Memo
Free comment 1	Patient identificati	
Free comment 2	Recording identifica	
Free comment 3	Start time	01/30/2021 13:10:15
Free comment 4
Free comment 5
Free comment 6
Free comment 7
Free comment 8
Free comment 9
Free comment 10

Time Division(1:00:00) Start(1/30/2021 13:10:15) Channel(BEEG03EEG)	1	2	3	4	5	6	7	8	9	10	11	12	13	14	15	16	17	18	19	20	21	22	23	24	

Stage	W	W	W	W	W	W	W	W	W	W	W	W	W	W	W	W	W	W	W	W	W	W	W	W	
Hz	mV^2	mV^2	mV^2	mV^2	mV^2	mV^2	mV^2	mV^2	mV^2	mV^2	mV^2	mV^2	mV^2	mV^2	mV^2	mV^2	mV^2	mV^2	mV^2	mV^2	mV^2	mV^2	mV^2	mV^2	
0.000000	0.000051	0.000037	0.000069	0.000049	0.000065	0.000076	0.000054	0.000004	0.000078	0.000119	0.000129	0.000059	0.000004	0.000026	0.000002	0.000059	0.000004	0.000002	0.000002	0.000004	0.000007	0.000003	0.000002	0.000102	
0.976563	0.000255	0.000178	0.000339	0.000250	0.000334	0.000402	0.000269	0.000028	0.000399	0.000566	0.000638	0.000290	0.000022	0.000118	0.000010	0.000284	0.000018	0.000007	0.000010	0.000021	0.000039	0.000013	0.000013	0.000531	
1.953125	0.000208	0.000175	0.000267	0.000194	0.000269	0.000352	0.000231	0.000035	0.000290	0.000456	0.000519	0.000226	0.000021	0.000109	0.000012	0.000231	0.000019	0.000011	0.000012	0.000018	0.000039	0.000015	0.000015	0.000452	
2.929688	0.000127	0.000122	0.000158	0.000123	0.000158	0.000190	0.000158	0.000018	0.000133	0.000275	0.000321	0.000141	0.000015	0.000079	0.000014	0.000137	0.000015	0.000011	0.000010	0.000013	0.000035	0.000016	0.000015	0.000254	
3.906250	0.000094	0.000068	0.000130	0.000092	0.000112	0.000117	0.000103	0.000012	0.000078	0.000209	0.000230	0.000108	0.000014	0.000075	0.000013	0.000102	0.000011	0.000009	0.000010	0.000011	0.000033	0.000017	0.000014	0.000175	
4.882813	0.000072	0.000049	0.000108	0.000076	0.000094	0.000092	0.000081	0.000016	0.000069	0.000161	0.000194	0.000078	0.000013	0.000057	0.000010	0.000083	0.000010	0.000008	0.000009	0.000011	0.000026	0.000014	0.000012	0.000139	
5.859375	0.000061	0.000041	0.000091	0.000069	0.000082	0.000073	0.000070	0.000019	0.000053	0.000136	0.000157	0.000068	0.000011	0.000040	0.000008	0.000066	0.000009	0.000007	0.000007	0.000010	0.000019	0.000011	0.000009	0.000110	
6.835938	0.000053	0.000044	0.000080	0.000062	0.000065	0.000064	0.000051	0.000017	0.000041	0.000104	0.000134	0.000059	0.000010	0.000055	0.000008	0.000055	0.000010	0.000006	0.000007	0.000009	0.000016	0.000009	0.000007	0.000090	
7.812500	0.000043	0.000032	0.000065	0.000051	0.000051	0.000055	0.000045	0.000013	0.000034	0.000087	0.000111	0.000049	0.000009	0.000098	0.000006	0.000046	0.000012	0.000006	0.000007	0.000008	0.000012	0.000007	0.000005	0.000074	
8.789063	0.000035	0.000019	0.000055	0.000042	0.000043	0.000047	0.000039	0.000009	0.000030	0.000082	0.000092	0.000042	0.000006	0.000065	0.000004	0.000042	0.000010	0.000004	0.000004	0.000006	0.000009	0.000005	0.000003	0.000066	
9.765625	0.000030	0.000017	0.000049	0.000038	0.000038	0.000039	0.000031	0.000005	0.000029	0.000075	0.000082	0.000038	0.000004	0.000031	0.000003	0.000037	0.000005	0.000003	0.000003	0.000004	0.000008	0.000003	0.000002	0.000060	
10.742188	0.000028	0.000016	0.000044	0.000034	0.000035	0.000036	0.000023	0.000003	0.000024	0.000062	0.000071	0.000039	0.000003	0.000034	0.000003	0.000033	0.000003	0.000003	0.000002	0.000003	0.000007	0.000003	0.000002	0.000051	
11.718750	0.000025	0.000018	0.000040	0.000032	0.000032	0.000030	0.000020	0.000002	0.000019	0.000055	0.000071	0.000033	0.000003	0.000034	0.000002	0.000029	0.000002	0.000002	0.000002	0.000002	0.000006	0.000002	0.000002	0.000047	
12.695313	0.000022	0.000016	0.000036	0.000031	0.000030	0.000027	0.000019	0.000003	0.000018	0.000053	0.000063	0.000029	0.000002	0.000030	0.000002	0.000028	0.000002	0.000002	0.000002	0.000002	0.000006	0.000002	0.000001	0.000042	
13.671875	0.000021	0.000015	0.000033	0.000030	0.000028	0.000024	0.000020	0.000003	0.000017	0.000045	0.000058	0.000026	0.000002	0.000017	0.000002	0.000025	0.000001	0.000002	0.000001	0.000002	0.000005	0.000002	0.000001	0.000039	
14.648438	0.000019	0.000012	0.000030	0.000027	0.000025	0.000022	0.000020	0.000004	0.000015	0.000038	0.000055	0.000027	0.000002	0.000019	0.000002	0.000023	0.000001	0.000001	0.000001	0.000001	0.000005	0.000001	0.000001	0.000035	
15.625000	0.000019	0.000011	0.000029	0.000024	0.000024	0.000020	0.000016	0.000002	0.000014	0.000036	0.000051	0.000025	0.000002	0.000023	0.000001	0.000021	0.000001	0.000001	0.000001	0.000001	0.000004	0.000001	0.000001	0.000031	
16.601563	0.000017	0.000011	0.000027	0.000022	0.000022	0.000019	0.000016	0.000002	0.000013	0.000034	0.000047	0.000023	0.000001	0.000019	0.000001	0.000021	0.000001	0.000001	0.000001	0.000001	0.000004	0.000001	0.000001	0.000028	
17.578125	0.000016	0.000011	0.000026	0.000022	0.000020	0.000018	0.000015	0.000002	0.000013	0.000031	0.000044	0.000021	0.000001	0.000012	0.000001	0.000020	0.000001	0.000001	0.000001	0.000001	0.000004	0.000001	0.000001	0.000028	
18.554688	0.000015	0.000015	0.000025	0.000020	0.000020	0.000016	0.000013	0.000001	0.000013	0.000030	0.000042	0.000019	0.000001	0.000012	0.000001	0.000017	0.000001	0.000001	0.000001	0.000001	0.000003	0.000001	0.000001	0.000028	
19.531250	0.000015	0.000013	0.000024	0.000018	0.000019	0.000017	0.000012	0.000002	0.000014	0.000030	0.000040	0.000019	0.000001	0.000012	0.000001	0.000017	0.000001	0.000001	0.000001	0.000001	0.000003	0.000001	0.000001	0.000025	
20.507813	0.000014	0.000010	0.000023	0.000018	0.000019	0.000015	0.000012	0.000004	0.000012	0.000027	0.000040	0.000017	0.000001	0.000010	0.000001	0.000015	0.000001	0.000001	0.000001	0.000001	0.000003	0.000001	0.000001	0.000023	
21.484375	0.000014	0.000011	0.000021	0.000017	0.000017	0.000014	0.000011	0.000003	0.000011	0.000024	0.000039	0.000017	0.000001	0.000012	0.000001	0.000014	0.000001	0.000001	0.000001	0.000001	0.000003	0.000001	0.000001	0.000021	
22.460938	0.000013	0.000010	0.000019	0.000017	0.000016	0.000013	0.000009	0.000001	0.000010	0.000026	0.000036	0.000016	0.000001	0.000009	0.000001	0.000013	0.000001	0.000001	0.000001	0.000001	0.000003	0.000001	0.000001	0.000020	
23.437500	0.000013	0.000006	0.000018	0.000017	0.000016	0.000012	0.000008	0.000001	0.000010	0.000025	0.000033	0.000015	0.000001	0.000007	0.000001	0.000013	0.000001	0.000001	0.000001	0.000001	0.000003	0.000001	0.000001	0.000021	
24.414063	0.000013	0.000007	0.000019	0.000016	0.000016	0.000012	0.000008	0.000001	0.000011	0.000023	0.000034	0.000014	0.000001	0.000007	0.000001	0.000012	0.000001	0.000000	0.000001	0.000001	0.000003	0.000001	0.000001	0.000019	
25.390625	0.000012	0.000008	0.000018	0.000015	0.000016	0.000012	0.000008	0.000001	0.000010	0.000023	0.000032	0.000012	0.000001	0.000008	0.000001	0.000012	0.000001	0.000000	0.000001	0.000001	0.000003	0.000001	0.000001	0.000018	
26.367188	0.000012	0.000007	0.000018	0.000015	0.000014	0.000012	0.000009	0.000001	0.000010	0.000023	0.000031	0.000012	0.000001	0.000007	0.000000	0.000011	0.000001	0.000000	0.000001	0.000001	0.000003	0.000001	0.000001	0.000017	
27.343750	0.000011	0.000006	0.000017	0.000014	0.000014	0.000011	0.000010	0.000002	0.000011	0.000019	0.000029	0.000012	0.000001	0.000007	0.000000	0.000012	0.000001	0.000000	0.000001	0.000001	0.000002	0.000001	0.000001	0.000016	
28.320313	0.000011	0.000006	0.000017	0.000015	0.000014	0.000011	0.000008	0.000002	0.000013	0.000019	0.000027	0.000011	0.000001	0.000007	0.000001	0.000012	0.000001	0.000001	0.000000	0.000001	0.000002	0.000001	0.000001	0.000016	
29.296875	0.000010	0.000008	0.000016	0.000014	0.000013	0.000010	0.000008	0.000001	0.000016	0.000020	0.000026	0.000011	0.000001	0.000008	0.000001	0.000012	0.000001	0.000001	0.000000	0.000001	0.000002	0.000001	0.000001	0.000016	
30.273438	0.000009	0.000010	0.000016	0.000013	0.000012	0.000010	0.000007	0.000001	0.000014	0.000019	0.000025	0.000011	0.000001	0.000008	0.000001	0.000011	0.000001	0.000000	0.000000	0.000001	0.000003	0.000001	0.000001	0.000015	
31.250000	0.000010	0.000009	0.000015	0.000013	0.000012	0.000010	0.000008	0.000001	0.000010	0.000019	0.000023	0.000011	0.000001	0.000007	0.000001	0.000010	0.000001	0.000000	0.000000	0.000001	0.000002	0.000001	0.000001	0.000015	
32.226563	0.000009	0.000006	0.000015	0.000012	0.000012	0.000009	0.000007	0.000001	0.000008	0.000018	0.000022	0.000011	0.000001	0.000007	0.000001	0.000010	0.000001	0.000000	0.000000	0.000001	0.000002	0.000001	0.000001	0.000015	
33.203125	0.000009	0.000006	0.000015	0.000010	0.000011	0.000009	0.000007	0.000001	0.000007	0.000016	0.000023	0.000011	0.000001	0.000005	0.000000	0.000011	0.000001	0.000000	0.000000	0.000001	0.000002	0.000001	0.000001	0.000014	
34.179688	0.000009	0.000006	0.000014	0.000010	0.000011	0.000010	0.000007	0.000001	0.000007	0.000015	0.000022	0.000011	0.000001	0.000004	0.000000	0.000010	0.000001	0.000000	0.000000	0.000001	0.000002	0.000001	0.000001	0.000015	
35.156250	0.000009	0.000006	0.000013	0.000012	0.000010	0.000009	0.000007	0.000001	0.000006	0.000017	0.000022	0.000011	0.000001	0.000005	0.000000	0.000010	0.000001	0.000000	0.000000	0.000001	0.000002	0.000001	0.000000	0.000015	
36.132813	0.000008	0.000004	0.000013	0.000011	0.000010	0.000009	0.000006	0.000001	0.000006	0.000016	0.000022	0.000010	0.000001	0.000005	0.000000	0.000009	0.000001	0.000000	0.000000	0.000001	0.000002	0.000001	0.000000	0.000014	
37.109375	0.000008	0.000006	0.000013	0.000011	0.000010	0.000009	0.000006	0.000002	0.000005	0.000016	0.000020	0.000009	0.000001	0.000006	0.000000	0.000009	0.000001	0.000000	0.000000	0.000001	0.000001	0.000001	0.000000	0.000013	
38.085938	0.000008	0.000006	0.000013	0.000011	0.000009	0.000008	0.000007	0.000001	0.000005	0.000016	0.000019	0.000009	0.000001	0.000006	0.000000	0.000009	0.000001	0.000000	0.000000	0.000001	0.000002	0.000001	0.000000	0.000013	
39.062500	0.000008	0.000005	0.000012	0.000010	0.000010	0.000008	0.000007	0.000001	0.000007	0.000016	0.000020	0.000009	0.000001	0.000005	0.000000	0.000008	0.000001	0.000000	0.000000	0.000001	0.000002	0.000001	0.000000	0.000012	
40.039063	0.000007	0.000004	0.000012	0.000010	0.000010	0.000009	0.000007	0.000001	0.000009	0.000017	0.000019	0.000009	0.000001	0.000004	0.000000	0.000008	0.000001	0.000000	0.000000	0.000001	0.000002	0.000001	0.000000	0.000012	
41.015625	0.000007	0.000004	0.000012	0.000010	0.000009	0.000009	0.000006	0.000002	0.000006	0.000016	0.000019	0.000008	0.000001	0.000004	0.000000	0.000009	0.000001	0.000000	0.000000	0.000001	0.000001	0.000001	0.000000	0.000012	
41.992188	0.000007	0.000004	0.000011	0.000010	0.000009	0.000007	0.000006	0.000001	0.000005	0.000015	0.000018	0.000009	0.000001	0.000005	0.000000	0.000009	0.000001	0.000000	0.000000	0.000001	0.000002	0.000000	0.000000	0.000012	
42.968750	0.000007	0.000004	0.000010	0.000009	0.000009	0.000007	0.000005	0.000001	0.000004	0.000013	0.000018	0.000009	0.000001	0.000003	0.000000	0.000008	0.000001	0.000000	0.000000	0.000001	0.000002	0.000000	0.000000	0.000011	
43.945313	0.000007	0.000005	0.000011	0.000010	0.000009	0.000007	0.000005	0.000001	0.000004	0.000013	0.000018	0.000007	0.000001	0.000004	0.000000	0.000007	0.000000	0.000000	0.000000	0.000000	0.000001	0.000000	0.000000	0.000011	
44.921875	0.000007	0.000005	0.000010	0.000010	0.000008	0.000007	0.000005	0.000002	0.000004	0.000013	0.000018	0.000007	0.000001	0.000004	0.000000	0.000008	0.000000	0.000000	0.000000	0.000000	0.000001	0.000000	0.000000	0.000011	
45.898438	0.000006	0.000004	0.000010	0.000009	0.000008	0.000007	0.000005	0.000002	0.000004	0.000013	0.000018	0.000007	0.000001	0.000004	0.000000	0.000007	0.000000	0.000000	0.000000	0.000001	0.000001	0.000000	0.000000	0.000010	
46.875000	0.000006	0.000003	0.000011	0.000008	0.000008	0.000006	0.000006	0.000001	0.000004	0.000013	0.000016	0.000007	0.000001	0.000004	0.000000	0.000007	0.000000	0.000000	0.000000	0.000000	0.000001	0.000000	0.000000	0.000010	
47.851563	0.000006	0.000003	0.000011	0.000008	0.000008	0.000007	0.000006	0.000001	0.000004	0.000013	0.000016	0.000007	0.000001	0.000003	0.000000	0.000007	0.000000	0.000000	0.000000	0.000000	0.000001	0.000000	0.000000	0.000011	
48.828125	0.000006	0.000004	0.000011	0.000009	0.000009	0.000007	0.000005	0.000001	0.000006	0.000013	0.000016	0.000007	0.000000	0.000004	0.000000	0.000007	0.000000	0.000000	0.000000	0.000000	0.000001	0.000000	0.000000	0.000011	
49.804688	0.000006	0.000004	0.000012	0.000009	0.000008	0.000008	0.000006	0.000001	0.000014	0.000013	0.000016	0.000006	0.000000	0.000004	0.000000	0.000008	0.000000	0.000000	0.000000	0.000000	0.000001	0.000000	0.000000	0.000012	
50.781250	0.000006	0.000004	0.000011	0.000009	0.000008	0.000007	0.000006	0.000001	0.000008	0.000013	0.000015	0.000006	0.000000	0.000003	0.000000	0.000008	0.000000	0.000000	0.000000	0.000000	0.000001	0.000000	0.000000	0.000011	
51.757813	0.000006	0.000003	0.000010	0.000008	0.000007	0.000006	0.000005	0.000001	0.000004	0.000013	0.000015	0.000007	0.000000	0.000003	0.000000	0.000007	0.000000	0.000000	0.000000	0.000000	0.000001	0.000000	0.000000	0.000010	
52.734375	0.000006	0.000003	0.000010	0.000008	0.000007	0.000006	0.000005	0.000000	0.000004	0.000012	0.000016	0.000006	0.000000	0.000002	0.000000	0.000007	0.000000	0.000000	0.000000	0.000000	0.000001	0.000000	0.000000	0.000010	
53.710938	0.000006	0.000004	0.000010	0.000008	0.000007	0.000006	0.000004	0.000000	0.000004	0.000011	0.000016	0.000007	0.000000	0.000003	0.000000	0.000006	0.000000	0.000000	0.000000	0.000000	0.000001	0.000000	0.000000	0.000009	
54.687500	0.000006	0.000003	0.000010	0.000008	0.000008	0.000006	0.000004	0.000000	0.000004	0.000011	0.000015	0.000006	0.000000	0.000002	0.000000	0.000007	0.000000	0.000000	0.000000	0.000000	0.000001	0.000000	0.000000	0.000009	
55.664063	0.000006	0.000003	0.000009	0.000007	0.000007	0.000006	0.000004	0.000001	0.000004	0.000011	0.000015	0.000007	0.000000	0.000002	0.000000	0.000007	0.000000	0.000000	0.000000	0.000000	0.000001	0.000000	0.000000	0.000009	
56.640625	0.000006	0.000004	0.000009	0.000008	0.000007	0.000006	0.000004	0.000001	0.000004	0.000012	0.000014	0.000007	0.000000	0.000002	0.000000	0.000006	0.000000	0.000000	0.000000	0.000000	0.000001	0.000000	0.000000	0.000010	
57.617188	0.000005	0.000003	0.000009	0.000008	0.000007	0.000006	0.000005	0.000002	0.000006	0.000013	0.000014	0.000006	0.000000	0.000002	0.000000	0.000007	0.000000	0.000000	0.000000	0.000000	0.000001	0.000000	0.000000	0.000010	
58.593750	0.000005	0.000003	0.000019	0.000008	0.000015	0.000020	0.000012	0.000001	0.000085	0.000019	0.000015	0.000006	0.000000	0.000002	0.000000	0.000014	0.000000	0.000000	0.000000	0.000000	0.000001	0.000000	0.000000	0.000019	
59.570313	0.000006	0.000004	0.000131	0.000008	0.000109	0.000171	0.000070	0.000001	0.001277	0.000061	0.000020	0.000008	0.000001	0.000003	0.000001	0.000086	0.000001	0.000001	0.000001	0.000001	0.000001	0.000001	0.000001	0.000101	
60.546875	0.000006	0.000004	0.000107	0.000009	0.000092	0.000143	0.000058	0.000001	0.001052	0.000055	0.000019	0.000008	0.000001	0.000003	0.000001	0.000073	0.000001	0.000001	0.000001	0.000001	0.000001	0.000001	0.000001	0.000086	
61.523438	0.000006	0.000003	0.000013	0.000008	0.000011	0.000013	0.000008	0.000000	0.000039	0.000016	0.000014	0.000006	0.000000	0.000002	0.000000	0.000010	0.000000	0.000000	0.000000	0.000000	0.000001	0.000000	0.000000	0.000015	
62.500000	0.000005	0.000002	0.000009	0.000007	0.000006	0.000006	0.000004	0.000000	0.000005	0.000011	0.000012	0.000006	0.000000	0.000003	0.000000	0.000006	0.000000	0.000000	0.000000	0.000000	0.000001	0.000000	0.000000	0.000009	
63.476563	0.000005	0.000002	0.000009	0.000007	0.000006	0.000005	0.000004	0.000000	0.000004	0.000010	0.000013	0.000005	0.000000	0.000003	0.000000	0.000006	0.000000	0.000000	0.000000	0.000000	0.000001	0.000000	0.000000	0.000009	
64.453125	0.000005	0.000002	0.000008	0.000007	0.000006	0.000005	0.000004	0.000001	0.000003	0.000010	0.000012	0.000005	0.000000	0.000002	0.000000	0.000006	0.000000	0.000000	0.000000	0.000000	0.000001	0.000000	0.000000	0.000008	
65.429688	0.000005	0.000002	0.000009	0.000006	0.000006	0.000005	0.000004	0.000000	0.000003	0.000009	0.000012	0.000005	0.000000	0.000002	0.000000	0.000006	0.000000	0.000000	0.000000	0.000000	0.000001	0.000000	0.000000	0.000008	
66.406250	0.000005	0.000002	0.000008	0.000006	0.000006	0.000005	0.000004	0.000000	0.000003	0.000009	0.000012	0.000006	0.000000	0.000002	0.000000	0.000006	0.000000	0.000000	0.000000	0.000000	0.000001	0.000000	0.000000	0.000008	
67.382813	0.000005	0.000002	0.000008	0.000007	0.000006	0.000005	0.000004	0.000000	0.000003	0.000008	0.000012	0.000005	0.000000	0.000002	0.000000	0.000006	0.000000	0.000000	0.000000	0.000000	0.000001	0.000000	0.000000	0.000008	
68.359375	0.000005	0.000002	0.000008	0.000006	0.000006	0.000005	0.000003	0.000000	0.000004	0.000009	0.000011	0.000005	0.000000	0.000002	0.000000	0.000006	0.000000	0.000000	0.000000	0.000000	0.000001	0.000000	0.000000	0.000008	
69.335938	0.000005	0.000002	0.000010	0.000006	0.000008	0.000010	0.000005	0.000000	0.000030	0.000012	0.000012	0.000006	0.000000	0.000002	0.000000	0.000008	0.000000	0.000000	0.000000	0.000000	0.000001	0.000000	0.000000	0.000011	
70.312500	0.000005	0.000002	0.000012	0.000006	0.000010	0.000012	0.000005	0.000000	0.000050	0.000012	0.000012	0.000006	0.000000	0.000003	0.000000	0.000008	0.000000	0.000000	0.000000	0.000000	0.000001	0.000000	0.000000	0.000013	
71.289063	0.000004	0.000002	0.000009	0.000007	0.000007	0.000006	0.000004	0.000000	0.000010	0.000010	0.000011	0.000005	0.000000	0.000003	0.000000	0.000006	0.000000	0.000000	0.000000	0.000000	0.000001	0.000000	0.000000	0.000010	
72.265625	0.000004	0.000002	0.000008	0.000006	0.000005	0.000005	0.000004	0.000000	0.000004	0.000009	0.000011	0.000005	0.000000	0.000002	0.000000	0.000005	0.000000	0.000000	0.000000	0.000000	0.000001	0.000000	0.000000	0.000008	
73.242188	0.000005	0.000002	0.000007	0.000006	0.000005	0.000004	0.000004	0.000000	0.000003	0.000009	0.000011	0.000005	0.000000	0.000002	0.000000	0.000005	0.000000	0.000000	0.000000	0.000000	0.000001	0.000000	0.000000	0.000007	
74.218750	0.000004	0.000003	0.000007	0.000006	0.000005	0.000005	0.000003	0.000000	0.000003	0.000008	0.000010	0.000005	0.000000	0.000002	0.000000	0.000005	0.000000	0.000000	0.000000	0.000000	0.000001	0.000000	0.000000	0.000007	
75.195313	0.000004	0.000003	0.000007	0.000006	0.000005	0.000004	0.000003	0.000000	0.000003	0.000008	0.000010	0.000005	0.000000	0.000002	0.000000	0.000005	0.000000	0.000000	0.000000	0.000000	0.000001	0.000000	0.000000	0.000007	
76.171875	0.000004	0.000003	0.000007	0.000006	0.000005	0.000004	0.000003	0.000000	0.000003	0.000008	0.000010	0.000004	0.000000	0.000002	0.000000	0.000005	0.000000	0.000000	0.000000	0.000000	0.000001	0.000000	0.000000	0.000007	
77.148438	0.000004	0.000003	0.000007	0.000006	0.000005	0.000004	0.000003	0.000000	0.000003	0.000008	0.000010	0.000004	0.000000	0.000002	0.000000	0.000005	0.000000	0.000000	0.000000	0.000000	0.000001	0.000000	0.000000	0.000007	
78.125000	0.000004	0.000002	0.000006	0.000006	0.000005	0.000004	0.000003	0.000001	0.000003	0.000008	0.000009	0.000005	0.000000	0.000002	0.000000	0.000005	0.000000	0.000000	0.000000	0.000000	0.000001	0.000000	0.000000	0.000007	
79.101563	0.000004	0.000002	0.000007	0.000005	0.000005	0.000004	0.000003	0.000001	0.000005	0.000007	0.000010	0.000005	0.000000	0.000003	0.000000	0.000005	0.000000	0.000000	0.000000	0.000000	0.000001	0.000000	0.000000	0.000007	
80.078125	0.000004	0.000002	0.000007	0.000005	0.000006	0.000005	0.000003	0.000000	0.000012	0.000008	0.000009	0.000005	0.000000	0.000002	0.000000	0.000005	0.000000	0.000000	0.000000	0.000000	0.000001	0.000000	0.000000	0.000007	
81.054688	0.000004	0.000002	0.000007	0.000006	0.000005	0.000004	0.000003	0.000000	0.000005	0.000008	0.000009	0.000004	0.000000	0.000001	0.000000	0.000004	0.000000	0.000000	0.000000	0.000000	0.000001	0.000000	0.000000	0.000006	
82.031250	0.000004	0.000002	0.000007	0.000006	0.000005	0.000004	0.000003	0.000000	0.000003	0.000008	0.000009	0.000004	0.000000	0.000001	0.000000	0.000004	0.000000	0.000000	0.000000	0.000000	0.000001	0.000000	0.000000	0.000006	
83.007813	0.000004	0.000003	0.000006	0.000006	0.000005	0.000004	0.000003	0.000000	0.000003	0.000008	0.000009	0.000004	0.000000	0.000002	0.000000	0.000004	0.000000	0.000000	0.000000	0.000000	0.000001	0.000000	0.000000	0.000006	
83.984375	0.000004	0.000002	0.000006	0.000005	0.000005	0.000004	0.000003	0.000000	0.000003	0.000008	0.000010	0.000004	0.000000	0.000002	0.000000	0.000004	0.000000	0.000000	0.000000	0.000000	0.000001	0.000000	0.000000	0.000006	
84.960938	0.000004	0.000002	0.000006	0.000005	0.000005	0.000004	0.000003	0.000000	0.000003	0.000008	0.000009	0.000005	0.000000	0.000002	0.000000	0.000004	0.000000	0.000000	0.000000	0.000000	0.000001	0.000000	0.000000	0.000006	
85.937500	0.000004	0.000002	0.000006	0.000005	0.000005	0.000004	0.000003	0.000000	0.000004	0.000007	0.000008	0.000005	0.000000	0.000002	0.000000	0.000005	0.000000	0.000000	0.000000	0.000000	0.000001	0.000000	0.000000	0.000006	
86.914063	0.000004	0.000002	0.000006	0.000005	0.000005	0.000004	0.000003	0.000001	0.000004	0.000007	0.000008	0.000004	0.000000	0.000001	0.000000	0.000004	0.000000	0.000000	0.000000	0.000000	0.000001	0.000000	0.000000	0.000006	
87.890625	0.000004	0.000002	0.000006	0.000005	0.000005	0.000004	0.000003	0.000001	0.000004	0.000007	0.000008	0.000004	0.000000	0.000001	0.000000	0.000004	0.000000	0.000000	0.000000	0.000000	0.000001	0.000000	0.000000	0.000006	
88.867188	0.000004	0.000002	0.000006	0.000005	0.000005	0.000004	0.000003	0.000000	0.000006	0.000007	0.000009	0.000004	0.000000	0.000002	0.000000	0.000004	0.000000	0.000000	0.000000	0.000000	0.000001	0.000000	0.000000	0.000006	
89.843750	0.000003	0.000002	0.000006	0.000005	0.000005	0.000004	0.000003	0.000000	0.000009	0.000007	0.000008	0.000004	0.000000	0.000002	0.000000	0.000004	0.000000	0.000000	0.000000	0.000000	0.000001	0.000000	0.000000	0.000006	
90.820313	0.000004	0.000002	0.000006	0.000005	0.000004	0.000004	0.000003	0.000000	0.000009	0.000007	0.000008	0.000004	0.000000	0.000002	0.000000	0.000004	0.000000	0.000000	0.000000	0.000000	0.000001	0.000000	0.000000	0.000006	
91.796875	0.000003	0.000003	0.000006	0.000005	0.000004	0.000004	0.000003	0.000001	0.000006	0.000007	0.000008	0.000004	0.000000	0.000002	0.000000	0.000004	0.000000	0.000000	0.000000	0.000000	0.000001	0.000000	0.000000	0.000006	
92.773438	0.000003	0.000002	0.000006	0.000005	0.000004	0.000004	0.000002	0.000001	0.000005	0.000007	0.000008	0.000004	0.000000	0.000002	0.000000	0.000004	0.000000	0.000000	0.000000	0.000000	0.000001	0.000000	0.000000	0.000006	
93.750000	0.000003	0.000002	0.000006	0.000005	0.000004	0.000004	0.000002	0.000001	0.000004	0.000007	0.000008	0.000004	0.000000	0.000002	0.000000	0.000004	0.000000	0.000000	0.000000	0.000000	0.000001	0.000000	0.000000	0.000006	
94.726563	0.000003	0.000002	0.000006	0.000005	0.000004	0.000004	0.000002	0.000001	0.000004	0.000006	0.000008	0.000004	0.000000	0.000001	0.000000	0.000003	0.000000	0.000000	0.000000	0.000000	0.000000	0.000000	0.000000	0.000006	
95.703125	0.000003	0.000002	0.000005	0.000004	0.000004	0.000003	0.000003	0.000000	0.000005	0.000007	0.000008	0.000004	0.000000	0.000001	0.000000	0.000003	0.000000	0.000000	0.000000	0.000000	0.000000	0.000000	0.000000	0.000006	
96.679688	0.000003	0.000002	0.000005	0.000004	0.000004	0.000003	0.000003	0.000000	0.000004	0.000007	0.000007	0.000004	0.000000	0.000002	0.000000	0.000003	0.000000	0.000000	0.000000	0.000000	0.000000	0.000000	0.000000	0.000005	
97.656250	0.000003	0.000002	0.000005	0.000004	0.000004	0.000003	0.000002	0.000000	0.000005	0.000007	0.000008	0.000003	0.000000	0.000002	0.000000	0.000004	0.000000	0.000000	0.000000	0.000000	0.000001	0.000000	0.000000	0.000005	
98.632813	0.000003	0.000002	0.000006	0.000004	0.000004	0.000004	0.000002	0.000000	0.000006	0.000007	0.000008	0.000003	0.000000	0.000001	0.000000	0.000004	0.000000	0.000000	0.000000	0.000000	0.000000	0.000000	0.000000	0.000006	
99.609375	0.000003	0.000002	0.000006	0.000004	0.000004	0.000004	0.000002	0.000001	0.000008	0.000007	0.000008	0.000003	0.000000	0.000001	0.000000	0.000004	0.000000	0.000000	0.000000	0.000000	0.000000	0.000000	0.000000	0.000006	
100.585938	0.000003	0.000001	0.000006	0.000004	0.000004	0.000004	0.000002	0.000001	0.000009	0.000007	0.000007	0.000004	0.000000	0.000001	0.000000	0.000004	0.000000	0.000000	0.000000	0.000000	0.000000	0.000000	0.000000	0.000006	
101.562500	0.000003	0.000001	0.000006	0.000004	0.000004	0.000004	0.000002	0.000001	0.000007	0.000006	0.000007	0.000004	0.000000	0.000001	0.000000	0.000004	0.000000	0.000000	0.000000	0.000000	0.000000	0.000000	0.000000	0.000006	
102.539063	0.000003	0.000001	0.000006	0.000004	0.000004	0.000003	0.000002	0.000000	0.000006	0.000006	0.000007	0.000004	0.000000	0.000001	0.000000	0.000004	0.000000	0.000000	0.000000	0.000000	0.000000	0.000000	0.000000	0.000005	
103.515625	0.000003	0.000001	0.000006	0.000004	0.000004	0.000003	0.000002	0.000000	0.000005	0.000007	0.000007	0.000003	0.000000	0.000002	0.000000	0.000004	0.000000	0.000000	0.000000	0.000000	0.000000	0.000000	0.000000	0.000005	
104.492188	0.000003	0.000001	0.000005	0.000004	0.000004	0.000003	0.000002	0.000000	0.000005	0.000007	0.000007	0.000003	0.000000	0.000002	0.000000	0.000004	0.000000	0.000000	0.000000	0.000000	0.000000	0.000000	0.000000	0.000005	
105.468750	0.000003	0.000001	0.000005	0.000004	0.000004	0.000003	0.000002	0.000001	0.000005	0.000007	0.000007	0.000003	0.000000	0.000001	0.000000	0.000004	0.000000	0.000000	0.000000	0.000000	0.000000	0.000000	0.000000	0.000005	
106.445313	0.000003	0.000001	0.000005	0.000004	0.000004	0.000003	0.000002	0.000000	0.000004	0.000006	0.000007	0.000003	0.000000	0.000001	0.000000	0.000004	0.000000	0.000000	0.000000	0.000000	0.000000	0.000000	0.000000	0.000005	
107.421875	0.000003	0.000002	0.000005	0.000004	0.000004	0.000003	0.000003	0.000000	0.000004	0.000006	0.000007	0.000003	0.000000	0.000001	0.000000	0.000004	0.000000	0.000000	0.000000	0.000000	0.000000	0.000000	0.000000	0.000005	
108.398438	0.000003	0.000002	0.000005	0.000004	0.000004	0.000003	0.000002	0.000000	0.000004	0.000006	0.000007	0.000003	0.000000	0.000001	0.000000	0.000004	0.000000	0.000000	0.000000	0.000000	0.000000	0.000000	0.000000	0.000005	
109.375000	0.000003	0.000002	0.000006	0.000004	0.000004	0.000003	0.000002	0.000000	0.000005	0.000006	0.000008	0.000003	0.000000	0.000001	0.000000	0.000004	0.000000	0.000000	0.000000	0.000000	0.000000	0.000000	0.000000	0.000005	
110.351563	0.000003	0.000002	0.000006	0.000004	0.000004	0.000003	0.000002	0.000000	0.000005	0.000007	0.000007	0.000003	0.000000	0.000001	0.000000	0.000004	0.000000	0.000000	0.000000	0.000000	0.000000	0.000000	0.000000	0.000005	
111.328125	0.000003	0.000002	0.000005	0.000004	0.000004	0.000003	0.000002	0.000000	0.000005	0.000007	0.000007	0.000003	0.000000	0.000001	0.000000	0.000003	0.000000	0.000000	0.000000	0.000000	0.000000	0.000000	0.000000	0.000005	
112.304688	0.000003	0.000002	0.000005	0.000004	0.000004	0.000003	0.000002	0.000001	0.000005	0.000006	0.000007	0.000003	0.000000	0.000001	0.000000	0.000003	0.000000	0.000000	0.000000	0.000000	0.000000	0.000000	0.000000	0.000005	
113.281250	0.000003	0.000002	0.000005	0.000004	0.000004	0.000003	0.000003	0.000001	0.000004	0.000006	0.000006	0.000003	0.000000	0.000001	0.000000	0.000003	0.000000	0.000000	0.000000	0.000000	0.000000	0.000000	0.000000	0.000005	
114.257813	0.000003	0.000001	0.000005	0.000004	0.000003	0.000003	0.000002	0.000000	0.000004	0.000006	0.000006	0.000003	0.000000	0.000001	0.000000	0.000003	0.000000	0.000000	0.000000	0.000000	0.000000	0.000000	0.000000	0.000005	
115.234375	0.000003	0.000002	0.000005	0.000004	0.000004	0.000004	0.000002	0.000000	0.000005	0.000006	0.000007	0.000003	0.000000	0.000001	0.000000	0.000003	0.000000	0.000000	0.000000	0.000000	0.000000	0.000000	0.000000	0.000005	
116.210938	0.000003	0.000001	0.000005	0.000004	0.000004	0.000003	0.000002	0.000000	0.000005	0.000006	0.000007	0.000003	0.000000	0.000001	0.000000	0.000004	0.000000	0.000000	0.000000	0.000000	0.000000	0.000000	0.000000	0.000005	
117.187500	0.000003	0.000001	0.000005	0.000004	0.000004	0.000004	0.000002	0.000000	0.000005	0.000006	0.000006	0.000003	0.000000	0.000001	0.000000	0.000004	0.000000	0.000000	0.000000	0.000000	0.000000	0.000000	0.000000	0.000005	
118.164063	0.000003	0.000001	0.000007	0.000004	0.000005	0.000005	0.000002	0.000000	0.000007	0.000007	0.000007	0.000003	0.000000	0.000001	0.000000	0.000005	0.000000	0.000000	0.000000	0.000000	0.000000	0.000000	0.000000	0.000006	
119.140625	0.000003	0.000001	0.000015	0.000004	0.000008	0.000010	0.000006	0.000000	0.000021	0.000011	0.000007	0.000003	0.000000	0.000001	0.000000	0.000009	0.000000	0.000000	0.000000	0.000000	0.000000	0.000000	0.000000	0.000012	
120.117188	0.000003	0.000001	0.000020	0.000004	0.000011	0.000015	0.000008	0.000000	0.000038	0.000014	0.000007	0.000003	0.000000	0.000001	0.000000	0.000011	0.000000	0.000000	0.000000	0.000000	0.000000	0.000000	0.000000	0.000015	
121.093750	0.000003	0.000001	0.000011	0.000004	0.000006	0.000007	0.000004	0.000000	0.000014	0.000010	0.000007	0.000003	0.000000	0.000001	0.000000	0.000007	0.000000	0.000000	0.000000	0.000000	0.000000	0.000000	0.000000	0.000009	
122.070313	0.000003	0.000001	0.000006	0.000004	0.000004	0.000004	0.000002	0.000000	0.000007	0.000006	0.000006	0.000003	0.000000	0.000002	0.000000	0.000005	0.000000	0.000000	0.000000	0.000000	0.000000	0.000000	0.000000	0.000006	
123.046875	0.000003	0.000001	0.000006	0.000004	0.000003	0.000003	0.000002	0.000000	0.000005	0.000007	0.000007	0.000003	0.000000	0.000001	0.000000	0.000004	0.000000	0.000000	0.000000	0.000000	0.000000	0.000000	0.000000	0.000005	
124.023438	0.000003	0.000002	0.000006	0.000004	0.000003	0.000003	0.000002	0.000001	0.000005	0.000007	0.000006	0.000003	0.000000	0.000002	0.000000	0.000004	0.000000	0.000000	0.000000	0.000000	0.000000	0.000000	0.000000	0.000005	
125.000000	0.000003	0.000002	0.000006	0.000004	0.000003	0.000004	0.000002	0.000000	0.000004	0.000007	0.000007	0.000003	0.000000	0.000001	0.000000	0.000004	0.000000	0.000000	0.000000	0.000000	0.000000	0.000000	0.000000	0.000005	

EpochNo	811	41	707	439	487	403	135	21	445	210	310	156	203	30	50	386	33	32	44	142	258	481	107	513	
Discarded	0	0	0	0	0	0	0	0	0	0	0	0	0	0	0	0	0	0	0	0	0	0	0	0	

Delta	0.000171	0.000136	0.000223	0.000165	0.000218	0.000265	0.000190	0.000023	0.000225	0.000376	0.000427	0.000191	0.000018	0.000095	0.000012	0.000189	0.000016	0.000010	0.000011	0.000016	0.000037	0.000015	0.000014	0.000353	
Theta	0.000049	0.000034	0.000074	0.000056	0.000062	0.000062	0.000053	0.000013	0.000043	0.000107	0.000129	0.000056	0.000009	0.000058	0.000006	0.000055	0.000009	0.000006	0.000006	0.000008	0.000015	0.000008	0.000006	0.000090	
Alpha	0.000024	0.000016	0.000038	0.000032	0.000031	0.000029	0.000021	0.000003	0.000019	0.000054	0.000066	0.000032	0.000002	0.000029	0.000002	0.000029	0.000002	0.000002	0.000002	0.000002	0.000006	0.000002	0.000002	0.000045	
Gammas	0.000010	0.000007	0.000016	0.000014	0.000013	0.000011	0.000008	0.000001	0.000009	0.000020	0.000027	0.000012	0.000001	0.000007	0.000001	0.000011	0.000001	0.000000	0.000000	0.000001	0.000002	0.000001	0.000001	0.000016	
GammaF	0.000006	0.000003	0.000015	0.000008	0.000012	0.000014	0.000008	0.000001	0.000066	0.000014	0.000014	0.000006	0.000000	0.000003	0.000000	0.000010	0.000000	0.000000	0.000000	0.000000	0.000001	0.000000	0.000000	0.000014	
Total	0.000014	0.000010	0.000023	0.000016	0.000019	0.000021	0.000015	0.000002	0.000035	0.000030	0.000035	0.000016	0.000002	0.000010	0.000001	0.000017	0.000001	0.000001	0.000001	0.000001	0.000003	0.000001	0.000001	0.000027	

Time Division(1:00:00) Start(1/30/2021 13:10:15) Channel(BEEG03EEG)	1	2	3	4	5	6	7	8	9	10	11	12	13	14	15	16	17	18	19	20	21	22	23	24	

Stage	R	R	R	R	R	R	R	R	R	R	R	R	R	R	R	R	R	R	R	R	R	R	R	R	
Hz	mV^2	mV^2	mV^2	mV^2	mV^2	mV^2	mV^2	mV^2	mV^2	mV^2	mV^2	mV^2	mV^2	mV^2	mV^2	mV^2	mV^2	mV^2	mV^2	mV^2	mV^2	mV^2	mV^2	mV^2	
0.000000	None	0.000001	None	0.000001	0.000001	0.000003	0.000002	0.000002	0.000022	0.000001	0.000002	0.000003	0.000002	0.000003	0.000001	0.000002	0.000002	0.000002	0.000007	0.000001	0.000001	0.000002	0.000001	None	
0.976563	None	0.000007	None	0.000006	0.000031	0.000015	0.000011	0.000010	0.000105	0.000005	0.000008	0.000016	0.000010	0.000014	0.000007	0.000011	0.000017	0.000010	0.000028	0.000007	0.000008	0.000010	0.000010	None	
1.953125	None	0.000011	None	0.000008	0.000027	0.000014	0.000010	0.000011	0.000090	0.000004	0.000010	0.000013	0.000009	0.000013	0.000012	0.000015	0.000016	0.000013	0.000017	0.000008	0.000012	0.000014	0.000011	None	
2.929688	None	0.000011	None	0.000007	0.000013	0.000008	0.000007	0.000007	0.000063	0.000007	0.000013	0.000008	0.000008	0.000017	0.000012	0.000011	0.000009	0.000014	0.000009	0.000009	0.000014	0.000011	0.000011	None	
3.906250	None	0.000010	None	0.000007	0.000019	0.000007	0.000007	0.000006	0.000046	0.000006	0.000015	0.000008	0.000007	0.000014	0.000012	0.000009	0.000007	0.000010	0.000007	0.000009	0.000013	0.000010	0.000011	None	
4.882813	None	0.000009	None	0.000004	0.000026	0.000008	0.000008	0.000007	0.000035	0.000007	0.000013	0.000010	0.000009	0.000009	0.000010	0.000010	0.000005	0.000010	0.000016	0.000009	0.000012	0.000011	0.000008	None	
5.859375	None	0.000008	None	0.000007	0.000026	0.000009	0.000009	0.000009	0.000028	0.000010	0.000009	0.000012	0.000009	0.000009	0.000009	0.000011	0.000008	0.000011	0.000013	0.000010	0.000013	0.000010	0.000007	None	
6.835938	None	0.000009	None	0.000007	0.000027	0.000010	0.000010	0.000010	0.000024	0.000011	0.000010	0.000012	0.000012	0.000009	0.000012	0.000013	0.000010	0.000012	0.000008	0.000009	0.000012	0.000015	0.000009	None	
7.812500	None	0.000008	None	0.000008	0.000020	0.000012	0.000010	0.000012	0.000020	0.000009	0.000009	0.000011	0.000012	0.000007	0.000011	0.000011	0.000012	0.000010	0.000005	0.000009	0.000010	0.000010	0.000011	None	
8.789063	None	0.000005	None	0.000005	0.000014	0.000009	0.000007	0.000009	0.000018	0.000005	0.000007	0.000007	0.000007	0.000004	0.000006	0.000008	0.000011	0.000007	0.000010	0.000009	0.000006	0.000006	0.000011	None	
9.765625	None	0.000004	None	0.000003	0.000017	0.000005	0.000004	0.000004	0.000015	0.000004	0.000004	0.000004	0.000003	0.000003	0.000004	0.000004	0.000005	0.000004	0.000009	0.000004	0.000004	0.000003	0.000007	None	
10.742188	None	0.000003	None	0.000002	0.000008	0.000003	0.000002	0.000002	0.000012	0.000002	0.000003	0.000004	0.000002	0.000003	0.000004	0.000002	0.000002	0.000003	0.000009	0.000003	0.000003	0.000002	0.000004	None	
11.718750	None	0.000003	None	0.000002	0.000010	0.000002	0.000002	0.000002	0.000010	0.000001	0.000002	0.000003	0.000002	0.000002	0.000003	0.000002	0.000001	0.000002	0.000012	0.000003	0.000003	0.000003	0.000002	None	
12.695313	None	0.000002	None	0.000002	0.000020	0.000001	0.000001	0.000001	0.000010	0.000002	0.000002	0.000003	0.000001	0.000002	0.000003	0.000002	0.000001	0.000002	0.000010	0.000003	0.000002	0.000002	0.000002	None	
13.671875	None	0.000002	None	0.000001	0.000010	0.000001	0.000001	0.000001	0.000009	0.000001	0.000002	0.000003	0.000001	0.000002	0.000003	0.000001	0.000001	0.000002	0.000006	0.000003	0.000002	0.000002	0.000002	None	
14.648438	None	0.000002	None	0.000001	0.000003	0.000001	0.000001	0.000001	0.000007	0.000001	0.000002	0.000003	0.000001	0.000002	0.000002	0.000001	0.000001	0.000002	0.000005	0.000002	0.000002	0.000002	0.000002	None	
15.625000	None	0.000002	None	0.000001	0.000003	0.000001	0.000001	0.000001	0.000007	0.000001	0.000001	0.000003	0.000001	0.000001	0.000002	0.000001	0.000001	0.000002	0.000003	0.000002	0.000002	0.000001	0.000002	None	
16.601563	None	0.000001	None	0.000001	0.000001	0.000001	0.000001	0.000001	0.000006	0.000001	0.000001	0.000002	0.000001	0.000001	0.000001	0.000001	0.000001	0.000001	0.000005	0.000002	0.000001	0.000001	0.000002	None	
17.578125	None	0.000001	None	0.000001	0.000001	0.000001	0.000001	0.000001	0.000006	0.000001	0.000001	0.000001	0.000001	0.000001	0.000001	0.000001	0.000001	0.000001	0.000002	0.000001	0.000001	0.000001	0.000001	None	
18.554688	None	0.000001	None	0.000001	0.000001	0.000001	0.000001	0.000001	0.000006	0.000001	0.000001	0.000001	0.000001	0.000001	0.000001	0.000001	0.000001	0.000001	0.000002	0.000001	0.000001	0.000001	0.000001	None	
19.531250	None	0.000001	None	0.000001	0.000002	0.000001	0.000001	0.000001	0.000008	0.000001	0.000001	0.000002	0.000001	0.000001	0.000001	0.000001	0.000001	0.000001	0.000002	0.000001	0.000001	0.000001	0.000001	None	
20.507813	None	0.000001	None	0.000001	0.000003	0.000001	0.000002	0.000001	0.000007	0.000001	0.000001	0.000002	0.000001	0.000001	0.000001	0.000001	0.000001	0.000001	0.000001	0.000001	0.000001	0.000001	0.000001	None	
21.484375	None	0.000001	None	0.000001	0.000002	0.000001	0.000001	0.000001	0.000006	0.000001	0.000001	0.000002	0.000001	0.000001	0.000001	0.000001	0.000001	0.000001	0.000001	0.000001	0.000001	0.000001	0.000001	None	
22.460938	None	0.000001	None	0.000001	0.000001	0.000001	0.000001	0.000001	0.000006	0.000001	0.000001	0.000002	0.000001	0.000001	0.000001	0.000001	0.000001	0.000001	0.000000	0.000001	0.000001	0.000001	0.000001	None	
23.437500	None	0.000001	None	0.000001	0.000001	0.000001	0.000001	0.000001	0.000005	0.000001	0.000001	0.000002	0.000001	0.000001	0.000001	0.000001	0.000001	0.000001	0.000001	0.000001	0.000001	0.000000	0.000001	None	
24.414063	None	0.000001	None	0.000001	0.000001	0.000001	0.000002	0.000001	0.000004	0.000001	0.000001	0.000001	0.000001	0.000001	0.000001	0.000001	0.000001	0.000001	0.000001	0.000001	0.000001	0.000000	0.000001	None	
25.390625	None	0.000001	None	0.000000	0.000001	0.000001	0.000001	0.000000	0.000004	0.000001	0.000001	0.000001	0.000001	0.000001	0.000001	0.000001	0.000001	0.000001	0.000001	0.000001	0.000001	0.000001	0.000000	None	
26.367188	None	0.000000	None	0.000000	0.000001	0.000001	0.000001	0.000001	0.000004	0.000001	0.000000	0.000001	0.000001	0.000000	0.000001	0.000001	0.000001	0.000001	0.000000	0.000001	0.000001	0.000000	0.000000	None	
27.343750	None	0.000000	None	0.000001	0.000001	0.000001	0.000001	0.000001	0.000004	0.000000	0.000001	0.000001	0.000001	0.000000	0.000000	0.000001	0.000001	0.000001	0.000001	0.000001	0.000001	0.000000	0.000001	None	
28.320313	None	0.000000	None	0.000001	0.000001	0.000001	0.000001	0.000001	0.000004	0.000000	0.000001	0.000001	0.000001	0.000000	0.000001	0.000001	0.000001	0.000001	0.000000	0.000000	0.000001	0.000000	0.000000	None	
29.296875	None	0.000000	None	0.000000	0.000001	0.000001	0.000001	0.000001	0.000006	0.000001	0.000001	0.000001	0.000001	0.000000	0.000000	0.000001	0.000001	0.000001	0.000000	0.000000	0.000001	0.000000	0.000000	None	
30.273438	None	0.000000	None	0.000000	0.000001	0.000001	0.000001	0.000001	0.000007	0.000000	0.000001	0.000001	0.000001	0.000000	0.000000	0.000001	0.000001	0.000001	0.000001	0.000000	0.000001	0.000000	0.000000	None	
31.250000	None	0.000000	None	0.000000	0.000001	0.000001	0.000001	0.000000	0.000006	0.000001	0.000000	0.000001	0.000001	0.000000	0.000001	0.000001	0.000001	0.000001	0.000000	0.000000	0.000000	0.000000	0.000000	None	
32.226563	None	0.000000	None	0.000000	0.000001	0.000001	0.000001	0.000001	0.000004	0.000001	0.000001	0.000001	0.000001	0.000000	0.000000	0.000001	0.000001	0.000001	0.000000	0.000000	0.000000	0.000000	0.000000	None	
33.203125	None	0.000000	None	0.000000	0.000000	0.000001	0.000001	0.000001	0.000003	0.000000	0.000000	0.000001	0.000001	0.000000	0.000000	0.000001	0.000001	0.000001	0.000000	0.000000	0.000000	0.000000	0.000000	None	
34.179688	None	0.000000	None	0.000000	0.000001	0.000001	0.000001	0.000001	0.000003	0.000000	0.000000	0.000001	0.000001	0.000000	0.000000	0.000001	0.000001	0.000000	0.000000	0.000000	0.000000	0.000000	0.000000	None	
35.156250	None	0.000000	None	0.000000	0.000000	0.000001	0.000001	0.000001	0.000003	0.000000	0.000000	0.000001	0.000001	0.000000	0.000000	0.000001	0.000001	0.000001	0.000000	0.000000	0.000000	0.000000	0.000000	None	
36.132813	None	0.000000	None	0.000000	0.000000	0.000001	0.000001	0.000001	0.000004	0.000000	0.000000	0.000001	0.000001	0.000000	0.000000	0.000001	0.000000	0.000000	0.000000	0.000000	0.000000	0.000000	0.000000	None	
37.109375	None	0.000000	None	0.000000	0.000000	0.000001	0.000001	0.000001	0.000003	0.000001	0.000000	0.000001	0.000001	0.000000	0.000000	0.000001	0.000001	0.000000	0.000001	0.000000	0.000000	0.000000	0.000000	None	
38.085938	None	0.000000	None	0.000000	0.000000	0.000001	0.000001	0.000000	0.000004	0.000000	0.000000	0.000001	0.000001	0.000000	0.000000	0.000001	0.000000	0.000000	0.000001	0.000000	0.000000	0.000000	0.000000	None	
39.062500	None	0.000000	None	0.000000	0.000000	0.000001	0.000001	0.000000	0.000003	0.000000	0.000000	0.000001	0.000001	0.000000	0.000000	0.000001	0.000000	0.000000	0.000001	0.000000	0.000000	0.000000	0.000000	None	
40.039063	None	0.000000	None	0.000000	0.000000	0.000001	0.000001	0.000000	0.000003	0.000000	0.000000	0.000001	0.000001	0.000000	0.000000	0.000001	0.000001	0.000000	0.000001	0.000000	0.000000	0.000000	0.000000	None	
41.015625	None	0.000000	None	0.000000	0.000000	0.000001	0.000001	0.000000	0.000003	0.000000	0.000000	0.000000	0.000001	0.000000	0.000000	0.000001	0.000000	0.000000	0.000000	0.000000	0.000000	0.000000	0.000000	None	
41.992188	None	0.000000	None	0.000000	0.000000	0.000001	0.000001	0.000000	0.000003	0.000000	0.000000	0.000000	0.000001	0.000000	0.000000	0.000001	0.000000	0.000000	0.000000	0.000000	0.000000	0.000000	0.000000	None	
42.968750	None	0.000000	None	0.000000	0.000000	0.000001	0.000001	0.000000	0.000003	0.000000	0.000000	0.000000	0.000001	0.000000	0.000000	0.000001	0.000000	0.000000	0.000000	0.000000	0.000000	0.000000	0.000000	None	
43.945313	None	0.000000	None	0.000000	0.000000	0.000001	0.000001	0.000000	0.000003	0.000000	0.000000	0.000000	0.000001	0.000000	0.000000	0.000001	0.000000	0.000000	0.000000	0.000000	0.000000	0.000000	0.000000	None	
44.921875	None	0.000000	None	0.000000	0.000000	0.000001	0.000001	0.000000	0.000003	0.000000	0.000000	0.000000	0.000001	0.000000	0.000000	0.000001	0.000001	0.000000	0.000000	0.000000	0.000000	0.000000	0.000000	None	
45.898438	None	0.000000	None	0.000000	0.000000	0.000000	0.000001	0.000000	0.000003	0.000000	0.000000	0.000000	0.000001	0.000000	0.000000	0.000000	0.000001	0.000000	0.000000	0.000000	0.000000	0.000000	0.000000	None	
46.875000	None	0.000000	None	0.000000	0.000000	0.000001	0.000001	0.000000	0.000003	0.000000	0.000000	0.000000	0.000000	0.000000	0.000000	0.000000	0.000001	0.000000	0.000000	0.000000	0.000000	0.000000	0.000000	None	
47.851563	None	0.000000	None	0.000000	0.000000	0.000000	0.000001	0.000000	0.000003	0.000000	0.000000	0.000000	0.000000	0.000000	0.000000	0.000000	0.000001	0.000000	0.000000	0.000000	0.000000	0.000000	0.000000	None	
48.828125	None	0.000000	None	0.000000	0.000000	0.000000	0.000001	0.000000	0.000003	0.000000	0.000000	0.000000	0.000000	0.000000	0.000000	0.000000	0.000001	0.000000	0.000000	0.000000	0.000000	0.000000	0.000000	None	
49.804688	None	0.000000	None	0.000000	0.000000	0.000001	0.000001	0.000000	0.000002	0.000000	0.000000	0.000000	0.000000	0.000000	0.000000	0.000000	0.000000	0.000000	0.000000	0.000000	0.000000	0.000000	0.000000	None	
50.781250	None	0.000000	None	0.000000	0.000000	0.000000	0.000000	0.000000	0.000002	0.000000	0.000000	0.000000	0.000000	0.000000	0.000000	0.000000	0.000000	0.000000	0.000000	0.000000	0.000000	0.000000	0.000000	None	
51.757813	None	0.000000	None	0.000000	0.000000	0.000000	0.000001	0.000000	0.000002	0.000000	0.000000	0.000000	0.000000	0.000000	0.000000	0.000000	0.000000	0.000000	0.000000	0.000000	0.000000	0.000000	0.000000	None	
52.734375	None	0.000000	None	0.000000	0.000000	0.000000	0.000001	0.000000	0.000002	0.000000	0.000000	0.000000	0.000000	0.000000	0.000000	0.000000	0.000000	0.000000	0.000000	0.000000	0.000000	0.000000	0.000000	None	
53.710938	None	0.000000	None	0.000000	0.000000	0.000000	0.000001	0.000000	0.000002	0.000000	0.000000	0.000000	0.000000	0.000000	0.000000	0.000000	0.000000	0.000000	0.000000	0.000000	0.000000	0.000000	0.000000	None	
54.687500	None	0.000000	None	0.000000	0.000000	0.000000	0.000000	0.000000	0.000002	0.000000	0.000000	0.000000	0.000000	0.000000	0.000000	0.000000	0.000000	0.000000	0.000000	0.000000	0.000000	0.000000	0.000000	None	
55.664063	None	0.000000	None	0.000000	0.000000	0.000000	0.000000	0.000000	0.000003	0.000000	0.000000	0.000000	0.000000	0.000000	0.000000	0.000000	0.000000	0.000000	0.000000	0.000000	0.000000	0.000000	0.000000	None	
56.640625	None	0.000000	None	0.000000	0.000000	0.000000	0.000000	0.000000	0.000003	0.000000	0.000000	0.000000	0.000000	0.000000	0.000000	0.000000	0.000000	0.000000	0.000000	0.000000	0.000000	0.000000	0.000000	None	
57.617188	None	0.000000	None	0.000000	0.000000	0.000000	0.000001	0.000000	0.000002	0.000000	0.000000	0.000000	0.000000	0.000000	0.000000	0.000000	0.000000	0.000000	0.000000	0.000000	0.000000	0.000000	0.000000	None	
58.593750	None	0.000000	None	0.000000	0.000000	0.000000	0.000000	0.000000	0.000002	0.000000	0.000000	0.000000	0.000000	0.000000	0.000000	0.000000	0.000000	0.000000	0.000000	0.000000	0.000000	0.000000	0.000000	None	
59.570313	None	0.000001	None	0.000001	0.000000	0.000001	0.000001	0.000001	0.000002	0.000001	0.000001	0.000001	0.000001	0.000001	0.000001	0.000001	0.000001	0.000001	0.000000	0.000001	0.000001	0.000001	0.000001	None	
60.546875	None	0.000001	None	0.000001	0.000000	0.000001	0.000001	0.000001	0.000002	0.000001	0.000001	0.000001	0.000001	0.000001	0.000001	0.000001	0.000001	0.000001	0.000001	0.000001	0.000001	0.000001	0.000001	None	
61.523438	None	0.000000	None	0.000000	0.000000	0.000000	0.000001	0.000000	0.000002	0.000000	0.000000	0.000000	0.000000	0.000000	0.000000	0.000000	0.000000	0.000000	0.000000	0.000000	0.000000	0.000000	0.000000	None	
62.500000	None	0.000000	None	0.000000	0.000000	0.000000	0.000000	0.000000	0.000002	0.000000	0.000000	0.000000	0.000000	0.000000	0.000000	0.000000	0.000000	0.000000	0.000000	0.000000	0.000000	0.000000	0.000000	None	
63.476563	None	0.000000	None	0.000000	0.000000	0.000000	0.000000	0.000000	0.000002	0.000000	0.000000	0.000000	0.000000	0.000000	0.000000	0.000000	0.000000	0.000000	0.000000	0.000000	0.000000	0.000000	0.000000	None	
64.453125	None	0.000000	None	0.000000	0.000000	0.000000	0.000000	0.000000	0.000002	0.000000	0.000000	0.000000	0.000000	0.000000	0.000000	0.000000	0.000000	0.000000	0.000000	0.000000	0.000000	0.000000	0.000000	None	
65.429688	None	0.000000	None	0.000000	0.000000	0.000000	0.000000	0.000000	0.000002	0.000000	0.000000	0.000000	0.000000	0.000000	0.000000	0.000000	0.000000	0.000000	0.000000	0.000000	0.000000	0.000000	0.000000	None	
66.406250	None	0.000000	None	0.000000	0.000000	0.000000	0.000000	0.000000	0.000001	0.000000	0.000000	0.000000	0.000000	0.000000	0.000000	0.000000	0.000000	0.000000	0.000000	0.000000	0.000000	0.000000	0.000000	None	
67.382813	None	0.000000	None	0.000000	0.000000	0.000000	0.000000	0.000000	0.000001	0.000000	0.000000	0.000000	0.000000	0.000000	0.000000	0.000000	0.000000	0.000000	0.000000	0.000000	0.000000	0.000000	0.000000	None	
68.359375	None	0.000000	None	0.000000	0.000000	0.000000	0.000000	0.000000	0.000002	0.000000	0.000000	0.000000	0.000000	0.000000	0.000000	0.000000	0.000000	0.000000	0.000000	0.000000	0.000000	0.000000	0.000000	None	
69.335938	None	0.000000	None	0.000000	0.000000	0.000000	0.000000	0.000000	0.000002	0.000000	0.000000	0.000000	0.000000	0.000000	0.000000	0.000000	0.000000	0.000000	0.000000	0.000000	0.000000	0.000000	0.000000	None	
70.312500	None	0.000000	None	0.000000	0.000000	0.000000	0.000000	0.000000	0.000002	0.000000	0.000000	0.000000	0.000000	0.000000	0.000000	0.000000	0.000000	0.000000	0.000000	0.000000	0.000000	0.000000	0.000000	None	
71.289063	None	0.000000	None	0.000000	0.000000	0.000000	0.000000	0.000000	0.000002	0.000000	0.000000	0.000000	0.000000	0.000000	0.000000	0.000000	0.000000	0.000000	0.000000	0.000000	0.000000	0.000000	0.000000	None	
72.265625	None	0.000000	None	0.000000	0.000000	0.000000	0.000000	0.000000	0.000001	0.000000	0.000000	0.000000	0.000000	0.000000	0.000000	0.000000	0.000000	0.000000	0.000000	0.000000	0.000000	0.000000	0.000000	None	
73.242188	None	0.000000	None	0.000000	0.000000	0.000000	0.000000	0.000000	0.000001	0.000000	0.000000	0.000000	0.000000	0.000000	0.000000	0.000000	0.000000	0.000000	0.000000	0.000000	0.000000	0.000000	0.000000	None	
74.218750	None	0.000000	None	0.000000	0.000000	0.000000	0.000000	0.000000	0.000001	0.000000	0.000000	0.000000	0.000000	0.000000	0.000000	0.000000	0.000000	0.000000	0.000000	0.000000	0.000000	0.000000	0.000000	None	
75.195313	None	0.000000	None	0.000000	0.000000	0.000000	0.000000	0.000000	0.000001	0.000000	0.000000	0.000000	0.000000	0.000000	0.000000	0.000000	0.000000	0.000000	0.000000	0.000000	0.000000	0.000000	0.000000	None	
76.171875	None	0.000000	None	0.000000	0.000000	0.000000	0.000000	0.000000	0.000001	0.000000	0.000000	0.000000	0.000000	0.000000	0.000000	0.000000	0.000000	0.000000	0.000000	0.000000	0.000000	0.000000	0.000000	None	
77.148438	None	0.000000	None	0.000000	0.000000	0.000000	0.000000	0.000000	0.000001	0.000000	0.000000	0.000000	0.000000	0.000000	0.000000	0.000000	0.000000	0.000000	0.000000	0.000000	0.000000	0.000000	0.000000	None	
78.125000	None	0.000000	None	0.000000	0.000000	0.000000	0.000000	0.000000	0.000001	0.000000	0.000000	0.000000	0.000000	0.000000	0.000000	0.000000	0.000000	0.000000	0.000000	0.000000	0.000000	0.000000	0.000000	None	
79.101563	None	0.000000	None	0.000000	0.000000	0.000000	0.000000	0.000000	0.000002	0.000000	0.000000	0.000000	0.000000	0.000000	0.000000	0.000000	0.000000	0.000000	0.000000	0.000000	0.000000	0.000000	0.000000	None	
80.078125	None	0.000000	None	0.000000	0.000000	0.000000	0.000000	0.000000	0.000001	0.000000	0.000000	0.000000	0.000000	0.000000	0.000000	0.000000	0.000000	0.000000	0.000000	0.000000	0.000000	0.000000	0.000000	None	
81.054688	None	0.000000	None	0.000000	0.000000	0.000000	0.000000	0.000000	0.000001	0.000000	0.000000	0.000000	0.000000	0.000000	0.000000	0.000000	0.000000	0.000000	0.000000	0.000000	0.000000	0.000000	0.000000	None	
82.031250	None	0.000000	None	0.000000	0.000000	0.000000	0.000000	0.000000	0.000001	0.000000	0.000000	0.000000	0.000000	0.000000	0.000000	0.000000	0.000000	0.000000	0.000000	0.000000	0.000000	0.000000	0.000000	None	
83.007813	None	0.000000	None	0.000000	0.000000	0.000000	0.000000	0.000000	0.000001	0.000000	0.000000	0.000000	0.000000	0.000000	0.000000	0.000000	0.000000	0.000000	0.000000	0.000000	0.000000	0.000000	0.000000	None	
83.984375	None	0.000000	None	0.000000	0.000000	0.000000	0.000000	0.000000	0.000001	0.000000	0.000000	0.000000	0.000000	0.000000	0.000000	0.000000	0.000000	0.000000	0.000000	0.000000	0.000000	0.000000	0.000000	None	
84.960938	None	0.000000	None	0.000000	0.000000	0.000000	0.000000	0.000000	0.000001	0.000000	0.000000	0.000000	0.000000	0.000000	0.000000	0.000000	0.000000	0.000000	0.000000	0.000000	0.000000	0.000000	0.000000	None	
85.937500	None	0.000000	None	0.000000	0.000000	0.000000	0.000000	0.000000	0.000001	0.000000	0.000000	0.000000	0.000000	0.000000	0.000000	0.000000	0.000000	0.000000	0.000000	0.000000	0.000000	0.000000	0.000000	None	
86.914063	None	0.000000	None	0.000000	0.000000	0.000000	0.000000	0.000000	0.000001	0.000000	0.000000	0.000000	0.000000	0.000000	0.000000	0.000000	0.000000	0.000000	0.000000	0.000000	0.000000	0.000000	0.000000	None	
87.890625	None	0.000000	None	0.000000	0.000000	0.000000	0.000000	0.000000	0.000002	0.000000	0.000000	0.000000	0.000000	0.000000	0.000000	0.000000	0.000000	0.000000	0.000000	0.000000	0.000000	0.000000	0.000000	None	
88.867188	None	0.000000	None	0.000000	0.000000	0.000000	0.000000	0.000000	0.000001	0.000000	0.000000	0.000000	0.000000	0.000000	0.000000	0.000000	0.000000	0.000000	0.000000	0.000000	0.000000	0.000000	0.000000	None	
89.843750	None	0.000000	None	0.000000	0.000000	0.000000	0.000000	0.000000	0.000001	0.000000	0.000000	0.000000	0.000000	0.000000	0.000000	0.000000	0.000000	0.000000	0.000000	0.000000	0.000000	0.000000	0.000000	None	
90.820313	None	0.000000	None	0.000000	0.000000	0.000000	0.000000	0.000000	0.000001	0.000000	0.000000	0.000000	0.000000	0.000000	0.000000	0.000000	0.000000	0.000000	0.000000	0.000000	0.000000	0.000000	0.000000	None	
91.796875	None	0.000000	None	0.000000	0.000000	0.000000	0.000000	0.000000	0.000001	0.000000	0.000000	0.000000	0.000000	0.000000	0.000000	0.000000	0.000000	0.000000	0.000000	0.000000	0.000000	0.000000	0.000000	None	
92.773438	None	0.000000	None	0.000000	0.000000	0.000000	0.000000	0.000000	0.000001	0.000000	0.000000	0.000000	0.000000	0.000000	0.000000	0.000000	0.000000	0.000000	0.000000	0.000000	0.000000	0.000000	0.000000	None	
93.750000	None	0.000000	None	0.000000	0.000000	0.000000	0.000000	0.000000	0.000001	0.000000	0.000000	0.000000	0.000000	0.000000	0.000000	0.000000	0.000000	0.000000	0.000000	0.000000	0.000000	0.000000	0.000000	None	
94.726563	None	0.000000	None	0.000000	0.000000	0.000000	0.000000	0.000000	0.000001	0.000000	0.000000	0.000000	0.000000	0.000000	0.000000	0.000000	0.000000	0.000000	0.000000	0.000000	0.000000	0.000000	0.000000	None	
95.703125	None	0.000000	None	0.000000	0.000000	0.000000	0.000000	0.000000	0.000001	0.000000	0.000000	0.000000	0.000000	0.000000	0.000000	0.000000	0.000000	0.000000	0.000000	0.000000	0.000000	0.000000	0.000000	None	
96.679688	None	0.000000	None	0.000000	0.000000	0.000000	0.000000	0.000000	0.000001	0.000000	0.000000	0.000000	0.000000	0.000000	0.000000	0.000000	0.000000	0.000000	0.000000	0.000000	0.000000	0.000000	0.000000	None	
97.656250	None	0.000000	None	0.000000	0.000000	0.000000	0.000000	0.000000	0.000001	0.000000	0.000000	0.000000	0.000000	0.000000	0.000000	0.000000	0.000000	0.000000	0.000000	0.000000	0.000000	0.000000	0.000000	None	
98.632813	None	0.000000	None	0.000000	0.000000	0.000000	0.000000	0.000000	0.000001	0.000000	0.000000	0.000000	0.000000	0.000000	0.000000	0.000000	0.000000	0.000000	0.000000	0.000000	0.000000	0.000000	0.000000	None	
99.609375	None	0.000000	None	0.000000	0.000000	0.000000	0.000000	0.000000	0.000001	0.000000	0.000000	0.000000	0.000000	0.000000	0.000000	0.000000	0.000000	0.000000	0.000000	0.000000	0.000000	0.000000	0.000000	None	
100.585938	None	0.000000	None	0.000000	0.000000	0.000000	0.000000	0.000000	0.000001	0.000000	0.000000	0.000000	0.000000	0.000000	0.000000	0.000000	0.000000	0.000000	0.000000	0.000000	0.000000	0.000000	0.000000	None	
101.562500	None	0.000000	None	0.000000	0.000000	0.000000	0.000000	0.000000	0.000001	0.000000	0.000000	0.000000	0.000000	0.000000	0.000000	0.000000	0.000000	0.000000	0.000000	0.000000	0.000000	0.000000	0.000000	None	
102.539063	None	0.000000	None	0.000000	0.000000	0.000000	0.000000	0.000000	0.000001	0.000000	0.000000	0.000000	0.000000	0.000000	0.000000	0.000000	0.000000	0.000000	0.000000	0.000000	0.000000	0.000000	0.000000	None	
103.515625	None	0.000000	None	0.000000	0.000000	0.000000	0.000000	0.000000	0.000001	0.000000	0.000000	0.000000	0.000000	0.000000	0.000000	0.000000	0.000000	0.000000	0.000000	0.000000	0.000000	0.000000	0.000000	None	
104.492188	None	0.000000	None	0.000000	0.000000	0.000000	0.000000	0.000000	0.000001	0.000000	0.000000	0.000000	0.000000	0.000000	0.000000	0.000000	0.000000	0.000000	0.000000	0.000000	0.000000	0.000000	0.000000	None	
105.468750	None	0.000000	None	0.000000	0.000000	0.000000	0.000000	0.000000	0.000001	0.000000	0.000000	0.000000	0.000000	0.000000	0.000000	0.000000	0.000000	0.000000	0.000000	0.000000	0.000000	0.000000	0.000000	None	
106.445313	None	0.000000	None	0.000000	0.000000	0.000000	0.000000	0.000000	0.000001	0.000000	0.000000	0.000000	0.000000	0.000000	0.000000	0.000000	0.000000	0.000000	0.000000	0.000000	0.000000	0.000000	0.000000	None	
107.421875	None	0.000000	None	0.000000	0.000000	0.000000	0.000000	0.000000	0.000001	0.000000	0.000000	0.000000	0.000000	0.000000	0.000000	0.000000	0.000000	0.000000	0.000000	0.000000	0.000000	0.000000	0.000000	None	
108.398438	None	0.000000	None	0.000000	0.000000	0.000000	0.000000	0.000000	0.000001	0.000000	0.000000	0.000000	0.000000	0.000000	0.000000	0.000000	0.000000	0.000000	0.000000	0.000000	0.000000	0.000000	0.000000	None	
109.375000	None	0.000000	None	0.000000	0.000000	0.000000	0.000000	0.000000	0.000001	0.000000	0.000000	0.000000	0.000000	0.000000	0.000000	0.000000	0.000000	0.000000	0.000000	0.000000	0.000000	0.000000	0.000000	None	
110.351563	None	0.000000	None	0.000000	0.000000	0.000000	0.000000	0.000000	0.000001	0.000000	0.000000	0.000000	0.000000	0.000000	0.000000	0.000000	0.000000	0.000000	0.000000	0.000000	0.000000	0.000000	0.000000	None	
111.328125	None	0.000000	None	0.000000	0.000000	0.000000	0.000000	0.000000	0.000001	0.000000	0.000000	0.000000	0.000000	0.000000	0.000000	0.000000	0.000000	0.000000	0.000000	0.000000	0.000000	0.000000	0.000000	None	
112.304688	None	0.000000	None	0.000000	0.000000	0.000000	0.000000	0.000000	0.000000	0.000000	0.000000	0.000000	0.000000	0.000000	0.000000	0.000000	0.000000	0.000000	0.000000	0.000000	0.000000	0.000000	0.000000	None	
113.281250	None	0.000000	None	0.000000	0.000000	0.000000	0.000000	0.000000	0.000001	0.000000	0.000000	0.000000	0.000000	0.000000	0.000000	0.000000	0.000000	0.000000	0.000000	0.000000	0.000000	0.000000	0.000000	None	
114.257813	None	0.000000	None	0.000000	0.000000	0.000000	0.000000	0.000000	0.000001	0.000000	0.000000	0.000000	0.000000	0.000000	0.000000	0.000000	0.000000	0.000000	0.000000	0.000000	0.000000	0.000000	0.000000	None	
115.234375	None	0.000000	None	0.000000	0.000000	0.000000	0.000000	0.000000	0.000001	0.000000	0.000000	0.000000	0.000000	0.000000	0.000000	0.000000	0.000000	0.000000	0.000000	0.000000	0.000000	0.000000	0.000000	None	
116.210938	None	0.000000	None	0.000000	0.000000	0.000000	0.000000	0.000000	0.000001	0.000000	0.000000	0.000000	0.000000	0.000000	0.000000	0.000000	0.000000	0.000000	0.000000	0.000000	0.000000	0.000000	0.000000	None	
117.187500	None	0.000000	None	0.000000	0.000000	0.000000	0.000000	0.000000	0.000001	0.000000	0.000000	0.000000	0.000000	0.000000	0.000000	0.000000	0.000000	0.000000	0.000000	0.000000	0.000000	0.000000	0.000000	None	
118.164063	None	0.000000	None	0.000000	0.000000	0.000000	0.000000	0.000000	0.000001	0.000000	0.000000	0.000000	0.000000	0.000000	0.000000	0.000000	0.000000	0.000000	0.000000	0.000000	0.000000	0.000000	0.000000	None	
119.140625	None	0.000000	None	0.000000	0.000000	0.000000	0.000000	0.000000	0.000001	0.000000	0.000000	0.000000	0.000000	0.000000	0.000000	0.000000	0.000000	0.000000	0.000000	0.000000	0.000000	0.000000	0.000000	None	
120.117188	None	0.000000	None	0.000000	0.000000	0.000000	0.000000	0.000000	0.000001	0.000000	0.000000	0.000000	0.000000	0.000000	0.000000	0.000000	0.000000	0.000000	0.000000	0.000000	0.000000	0.000000	0.000000	None	
121.093750	None	0.000000	None	0.000000	0.000000	0.000000	0.000000	0.000000	0.000001	0.000000	0.000000	0.000000	0.000000	0.000000	0.000000	0.000000	0.000000	0.000000	0.000000	0.000000	0.000000	0.000000	0.000000	None	
122.070313	None	0.000000	None	0.000000	0.000000	0.000000	0.000000	0.000000	0.000000	0.000000	0.000000	0.000000	0.000000	0.000000	0.000000	0.000000	0.000000	0.000000	0.000000	0.000000	0.000000	0.000000	0.000000	None	
123.046875	None	0.000000	None	0.000000	0.000000	0.000000	0.000000	0.000000	0.000001	0.000000	0.000000	0.000000	0.000000	0.000000	0.000000	0.000000	0.000000	0.000000	0.000000	0.000000	0.000000	0.000000	0.000000	None	
124.023438	None	0.000000	None	0.000000	0.000000	0.000000	0.000000	0.000000	0.000001	0.000000	0.000000	0.000000	0.000000	0.000000	0.000000	0.000000	0.000000	0.000000	0.000000	0.000000	0.000000	0.000000	0.000000	None	
125.000000	None	0.000000	None	0.000000	0.000000	0.000000	0.000000	0.000000	0.000001	0.000000	0.000000	0.000000	0.000000	0.000000	0.000000	0.000000	0.000000	0.000000	0.000000	0.000000	0.000000	0.000000	0.000000	None	

EpochNo	0	82	0	9	1	54	59	31	46	9	18	25	28	15	17	24	11	28	1	17	20	5	8	0	
Discarded	0	0	0	0	0	0	0	0	0	0	0	0	0	0	0	0	0	0	0	0	0	0	0	0	

Delta	None	0.000010	None	0.000007	0.000022	0.000011	0.000009	0.000009	0.000076	0.000006	0.000012	0.000011	0.000009	0.000015	0.000011	0.000011	0.000012	0.000012	0.000015	0.000008	0.000012	0.000011	0.000011	None	
Theta	None	0.000007	None	0.000006	0.000022	0.000009	0.000008	0.000009	0.000023	0.000008	0.000009	0.000010	0.000009	0.000007	0.000009	0.000009	0.000008	0.000009	0.000010	0.000008	0.000010	0.000009	0.000009	None	
Alpha	None	0.000002	None	0.000002	0.000012	0.000002	0.000002	0.000002	0.000010	0.000002	0.000002	0.000003	0.000002	0.000002	0.000003	0.000002	0.000002	0.000002	0.000009	0.000003	0.000002	0.000002	0.000002	None	
Gammas	None	0.000000	None	0.000000	0.000001	0.000001	0.000001	0.000001	0.000005	0.000001	0.000001	0.000001	0.000001	0.000000	0.000000	0.000001	0.000001	0.000001	0.000000	0.000001	0.000001	0.000000	0.000000	None	
GammaF	None	0.000000	None	0.000000	0.000000	0.000000	0.000000	0.000000	0.000002	0.000000	0.000000	0.000000	0.000000	0.000000	0.000000	0.000000	0.000000	0.000000	0.000000	0.000000	0.000000	0.000000	0.000000	None	
Total	None	0.000001	None	0.000001	0.000002	0.000001	0.000001	0.000001	0.000006	0.000001	0.000001	0.000001	0.000001	0.000001	0.000001	0.000001	0.000001	0.000001	0.000002	0.000001	0.000001	0.000001	0.000001	None	

Time Division(1:00:00) Start(1/30/2021 13:10:15) Channel(BEEG03EEG)	1	2	3	4	5	6	7	8	9	10	11	12	13	14	15	16	17	18	19	20	21	22	23	24	

Stage	NR	NR	NR	NR	NR	NR	NR	NR	NR	NR	NR	NR	NR	NR	NR	NR	NR	NR	NR	NR	NR	NR	NR	NR	
Hz	mV^2	mV^2	mV^2	mV^2	mV^2	mV^2	mV^2	mV^2	mV^2	mV^2	mV^2	mV^2	mV^2	mV^2	mV^2	mV^2	mV^2	mV^2	mV^2	mV^2	mV^2	mV^2	mV^2	mV^2	
0.000000	0.000012	0.000014	0.000028	0.000017	0.000042	0.000006	0.000005	0.000005	0.000007	0.000007	0.000006	0.000004	0.000003	0.000007	0.000004	0.000003	0.000003	0.000003	0.000003	0.000005	0.000004	0.000003	0.000003	0.000009	
0.976563	0.000042	0.000069	0.000135	0.000083	0.000226	0.000030	0.000026	0.000027	0.000033	0.000037	0.000032	0.000022	0.000015	0.000035	0.000022	0.000016	0.000016	0.000018	0.000017	0.000023	0.000021	0.000018	0.000016	0.000046	
1.953125	0.000040	0.000068	0.000112	0.000079	0.000191	0.000027	0.000022	0.000023	0.000029	0.000038	0.000033	0.000025	0.000021	0.000038	0.000031	0.000021	0.000019	0.000022	0.000022	0.000027	0.000025	0.000027	0.000022	0.000040	
2.929688	0.000035	0.000057	0.000119	0.000068	0.000204	0.000021	0.000019	0.000021	0.000029	0.000037	0.000037	0.000030	0.000029	0.000042	0.000037	0.000023	0.000023	0.000025	0.000024	0.000031	0.000029	0.000031	0.000026	0.000032	
3.906250	0.000033	0.000045	0.000074	0.000062	0.000185	0.000024	0.000022	0.000022	0.000033	0.000045	0.000038	0.000034	0.000033	0.000044	0.000034	0.000024	0.000026	0.000025	0.000026	0.000032	0.000030	0.000031	0.000027	0.000028	
4.882813	0.000028	0.000036	0.000047	0.000043	0.000099	0.000023	0.000021	0.000020	0.000027	0.000033	0.000026	0.000027	0.000024	0.000034	0.000026	0.000019	0.000019	0.000021	0.000021	0.000025	0.000024	0.000026	0.000022	0.000022	
5.859375	0.000021	0.000030	0.000043	0.000035	0.000077	0.000018	0.000016	0.000015	0.000020	0.000023	0.000020	0.000019	0.000017	0.000024	0.000020	0.000014	0.000015	0.000017	0.000016	0.000018	0.000018	0.000020	0.000016	0.000017	
6.835938	0.000017	0.000022	0.000036	0.000029	0.000079	0.000016	0.000014	0.000012	0.000015	0.000019	0.000015	0.000014	0.000013	0.000020	0.000015	0.000012	0.000012	0.000013	0.000012	0.000014	0.000015	0.000015	0.000013	0.000015	
7.812500	0.000015	0.000018	0.000025	0.000022	0.000063	0.000013	0.000012	0.000010	0.000012	0.000014	0.000011	0.000011	0.000010	0.000017	0.000012	0.000009	0.000010	0.000010	0.000009	0.000011	0.000011	0.000011	0.000010	0.000013	
8.789063	0.000011	0.000015	0.000020	0.000016	0.000043	0.000009	0.000009	0.000007	0.000009	0.000010	0.000008	0.000008	0.000007	0.000013	0.000009	0.000006	0.000007	0.000007	0.000007	0.000008	0.000009	0.000008	0.000007	0.000010	
9.765625	0.000008	0.000012	0.000016	0.000013	0.000039	0.000007	0.000006	0.000004	0.000007	0.000008	0.000007	0.000007	0.000005	0.000010	0.000008	0.000004	0.000005	0.000005	0.000005	0.000007	0.000008	0.000007	0.000007	0.000008	
10.742188	0.000007	0.000011	0.000014	0.000013	0.000037	0.000005	0.000004	0.000004	0.000006	0.000007	0.000006	0.000006	0.000004	0.000009	0.000006	0.000004	0.000004	0.000005	0.000004	0.000006	0.000007	0.000007	0.000006	0.000006	
11.718750	0.000006	0.000009	0.000014	0.000011	0.000034	0.000005	0.000003	0.000003	0.000005	0.000006	0.000005	0.000005	0.000004	0.000009	0.000006	0.000003	0.000003	0.000004	0.000004	0.000005	0.000006	0.000006	0.000005	0.000005	
12.695313	0.000005	0.000008	0.000012	0.000010	0.000030	0.000004	0.000003	0.000003	0.000004	0.000006	0.000005	0.000004	0.000003	0.000007	0.000005	0.000003	0.000003	0.000003	0.000003	0.000005	0.000005	0.000005	0.000004	0.000004	
13.671875	0.000005	0.000007	0.000010	0.000009	0.000027	0.000004	0.000003	0.000002	0.000003	0.000005	0.000004	0.000004	0.000003	0.000005	0.000004	0.000002	0.000002	0.000003	0.000003	0.000004	0.000004	0.000004	0.000004	0.000004	
14.648438	0.000004	0.000006	0.000009	0.000008	0.000023	0.000003	0.000003	0.000002	0.000003	0.000004	0.000003	0.000003	0.000002	0.000005	0.000003	0.000002	0.000002	0.000002	0.000002	0.000003	0.000004	0.000004	0.000003	0.000004	
15.625000	0.000003	0.000005	0.000009	0.000007	0.000024	0.000003	0.000003	0.000002	0.000003	0.000004	0.000003	0.000002	0.000002	0.000005	0.000003	0.000002	0.000002	0.000002	0.000002	0.000003	0.000003	0.000003	0.000002	0.000003	
16.601563	0.000003	0.000004	0.000007	0.000005	0.000022	0.000003	0.000002	0.000002	0.000003	0.000004	0.000002	0.000002	0.000002	0.000004	0.000002	0.000002	0.000002	0.000002	0.000002	0.000002	0.000002	0.000002	0.000002	0.000003	
17.578125	0.000002	0.000004	0.000007	0.000005	0.000020	0.000003	0.000002	0.000002	0.000002	0.000003	0.000002	0.000002	0.000001	0.000003	0.000002	0.000002	0.000001	0.000001	0.000002	0.000002	0.000002	0.000002	0.000002	0.000003	
18.554688	0.000002	0.000003	0.000006	0.000005	0.000018	0.000002	0.000002	0.000001	0.000002	0.000003	0.000002	0.000002	0.000001	0.000003	0.000002	0.000001	0.000001	0.000001	0.000001	0.000002	0.000002	0.000002	0.000001	0.000003	
19.531250	0.000002	0.000003	0.000006	0.000005	0.000017	0.000002	0.000002	0.000001	0.000002	0.000003	0.000002	0.000002	0.000001	0.000003	0.000002	0.000001	0.000001	0.000001	0.000001	0.000001	0.000002	0.000001	0.000001	0.000003	
20.507813	0.000002	0.000003	0.000004	0.000004	0.000015	0.000002	0.000002	0.000001	0.000002	0.000003	0.000002	0.000001	0.000001	0.000003	0.000001	0.000001	0.000001	0.000001	0.000001	0.000001	0.000002	0.000001	0.000001	0.000002	
21.484375	0.000001	0.000003	0.000004	0.000004	0.000013	0.000002	0.000001	0.000001	0.000002	0.000002	0.000002	0.000001	0.000001	0.000002	0.000001	0.000001	0.000001	0.000001	0.000001	0.000001	0.000001	0.000001	0.000001	0.000002	
22.460938	0.000001	0.000003	0.000005	0.000004	0.000013	0.000002	0.000001	0.000001	0.000002	0.000002	0.000002	0.000001	0.000001	0.000002	0.000001	0.000001	0.000001	0.000001	0.000001	0.000001	0.000001	0.000001	0.000001	0.000002	
23.437500	0.000001	0.000002	0.000004	0.000003	0.000014	0.000002	0.000001	0.000001	0.000001	0.000002	0.000001	0.000001	0.000001	0.000002	0.000001	0.000001	0.000001	0.000001	0.000001	0.000001	0.000001	0.000001	0.000001	0.000002	
24.414063	0.000001	0.000002	0.000004	0.000003	0.000012	0.000002	0.000001	0.000001	0.000001	0.000002	0.000001	0.000001	0.000001	0.000002	0.000001	0.000001	0.000001	0.000001	0.000001	0.000001	0.000001	0.000001	0.000001	0.000002	
25.390625	0.000001	0.000002	0.000004	0.000003	0.000011	0.000002	0.000001	0.000001	0.000001	0.000002	0.000001	0.000001	0.000001	0.000002	0.000001	0.000001	0.000001	0.000001	0.000001	0.000001	0.000001	0.000001	0.000001	0.000002	
26.367188	0.000001	0.000002	0.000004	0.000003	0.000011	0.000002	0.000001	0.000001	0.000001	0.000002	0.000001	0.000001	0.000001	0.000002	0.000001	0.000001	0.000001	0.000001	0.000001	0.000001	0.000001	0.000001	0.000001	0.000002	
27.343750	0.000001	0.000002	0.000003	0.000003	0.000011	0.000002	0.000001	0.000001	0.000001	0.000002	0.000001	0.000001	0.000001	0.000002	0.000001	0.000001	0.000001	0.000001	0.000001	0.000001	0.000001	0.000001	0.000001	0.000001	
28.320313	0.000001	0.000002	0.000003	0.000003	0.000010	0.000002	0.000001	0.000001	0.000001	0.000002	0.000001	0.000001	0.000001	0.000002	0.000001	0.000001	0.000001	0.000001	0.000001	0.000001	0.000001	0.000001	0.000001	0.000002	
29.296875	0.000001	0.000002	0.000003	0.000002	0.000009	0.000001	0.000001	0.000001	0.000001	0.000002	0.000001	0.000001	0.000001	0.000001	0.000001	0.000001	0.000001	0.000001	0.000001	0.000001	0.000001	0.000001	0.000001	0.000002	
30.273438	0.000001	0.000002	0.000002	0.000002	0.000009	0.000001	0.000001	0.000001	0.000001	0.000002	0.000001	0.000001	0.000001	0.000001	0.000001	0.000001	0.000001	0.000001	0.000001	0.000001	0.000001	0.000001	0.000001	0.000001	
31.250000	0.000001	0.000002	0.000003	0.000002	0.000009	0.000002	0.000001	0.000001	0.000001	0.000002	0.000001	0.000001	0.000001	0.000001	0.000001	0.000001	0.000001	0.000001	0.000001	0.000001	0.000001	0.000001	0.000001	0.000002	
32.226563	0.000001	0.000002	0.000003	0.000002	0.000009	0.000002	0.000001	0.000001	0.000001	0.000002	0.000001	0.000001	0.000001	0.000001	0.000001	0.000001	0.000001	0.000001	0.000001	0.000001	0.000001	0.000001	0.000001	0.000002	
33.203125	0.000001	0.000002	0.000003	0.000002	0.000009	0.000001	0.000001	0.000001	0.000001	0.000002	0.000001	0.000001	0.000001	0.000001	0.000001	0.000001	0.000001	0.000001	0.000001	0.000001	0.000001	0.000000	0.000000	0.000001	
34.179688	0.000001	0.000001	0.000003	0.000002	0.000008	0.000001	0.000001	0.000001	0.000001	0.000001	0.000001	0.000001	0.000001	0.000001	0.000001	0.000001	0.000001	0.000001	0.000001	0.000001	0.000001	0.000000	0.000000	0.000001	
35.156250	0.000001	0.000001	0.000003	0.000002	0.000008	0.000001	0.000001	0.000001	0.000001	0.000002	0.000001	0.000001	0.000001	0.000001	0.000000	0.000001	0.000001	0.000000	0.000001	0.000001	0.000001	0.000000	0.000000	0.000001	
36.132813	0.000001	0.000001	0.000003	0.000002	0.000008	0.000001	0.000001	0.000001	0.000001	0.000002	0.000001	0.000001	0.000001	0.000001	0.000000	0.000001	0.000001	0.000000	0.000001	0.000001	0.000001	0.000000	0.000000	0.000001	
37.109375	0.000001	0.000001	0.000002	0.000001	0.000008	0.000001	0.000001	0.000001	0.000001	0.000002	0.000001	0.000001	0.000000	0.000001	0.000000	0.000001	0.000001	0.000000	0.000000	0.000001	0.000001	0.000000	0.000000	0.000001	
38.085938	0.000000	0.000001	0.000002	0.000001	0.000007	0.000001	0.000001	0.000001	0.000001	0.000001	0.000001	0.000001	0.000000	0.000001	0.000000	0.000001	0.000001	0.000000	0.000000	0.000001	0.000001	0.000000	0.000000	0.000001	
39.062500	0.000000	0.000001	0.000002	0.000001	0.000007	0.000001	0.000001	0.000001	0.000001	0.000001	0.000001	0.000000	0.000000	0.000001	0.000000	0.000001	0.000001	0.000000	0.000000	0.000001	0.000001	0.000000	0.000000	0.000001	
40.039063	0.000000	0.000001	0.000002	0.000001	0.000007	0.000001	0.000001	0.000001	0.000001	0.000001	0.000001	0.000000	0.000000	0.000001	0.000000	0.000001	0.000001	0.000000	0.000000	0.000001	0.000001	0.000000	0.000000	0.000001	
41.015625	0.000000	0.000001	0.000002	0.000001	0.000007	0.000001	0.000001	0.000001	0.000001	0.000001	0.000001	0.000000	0.000000	0.000001	0.000000	0.000001	0.000001	0.000000	0.000000	0.000001	0.000001	0.000000	0.000000	0.000001	
41.992188	0.000000	0.000001	0.000002	0.000001	0.000007	0.000001	0.000001	0.000001	0.000001	0.000001	0.000001	0.000000	0.000000	0.000001	0.000000	0.000001	0.000001	0.000000	0.000000	0.000001	0.000001	0.000000	0.000000	0.000001	
42.968750	0.000000	0.000001	0.000002	0.000001	0.000006	0.000001	0.000001	0.000001	0.000001	0.000001	0.000001	0.000000	0.000000	0.000001	0.000000	0.000001	0.000001	0.000000	0.000000	0.000000	0.000000	0.000000	0.000000	0.000001	
43.945313	0.000000	0.000001	0.000002	0.000002	0.000005	0.000001	0.000001	0.000001	0.000001	0.000001	0.000001	0.000000	0.000000	0.000001	0.000000	0.000000	0.000001	0.000000	0.000000	0.000000	0.000000	0.000000	0.000000	0.000001	
44.921875	0.000000	0.000001	0.000002	0.000001	0.000006	0.000001	0.000001	0.000001	0.000001	0.000001	0.000001	0.000000	0.000000	0.000001	0.000000	0.000000	0.000000	0.000000	0.000000	0.000000	0.000000	0.000000	0.000000	0.000001	
45.898438	0.000000	0.000001	0.000002	0.000001	0.000006	0.000001	0.000001	0.000001	0.000001	0.000001	0.000001	0.000000	0.000000	0.000001	0.000000	0.000000	0.000000	0.000000	0.000000	0.000000	0.000001	0.000000	0.000000	0.000001	
46.875000	0.000000	0.000001	0.000002	0.000001	0.000006	0.000001	0.000001	0.000001	0.000001	0.000001	0.000001	0.000000	0.000000	0.000001	0.000000	0.000000	0.000000	0.000000	0.000000	0.000000	0.000000	0.000000	0.000000	0.000001	
47.851563	0.000000	0.000001	0.000002	0.000001	0.000005	0.000001	0.000001	0.000001	0.000001	0.000001	0.000001	0.000000	0.000000	0.000001	0.000000	0.000000	0.000000	0.000000	0.000000	0.000000	0.000000	0.000000	0.000000	0.000001	
48.828125	0.000000	0.000001	0.000002	0.000001	0.000005	0.000001	0.000001	0.000001	0.000001	0.000001	0.000001	0.000000	0.000000	0.000001	0.000000	0.000000	0.000000	0.000000	0.000000	0.000000	0.000000	0.000000	0.000000	0.000001	
49.804688	0.000000	0.000001	0.000003	0.000001	0.000005	0.000001	0.000001	0.000001	0.000001	0.000001	0.000001	0.000000	0.000000	0.000001	0.000000	0.000000	0.000000	0.000000	0.000000	0.000000	0.000000	0.000000	0.000000	0.000001	
50.781250	0.000000	0.000001	0.000003	0.000001	0.000005	0.000001	0.000001	0.000001	0.000001	0.000001	0.000001	0.000000	0.000000	0.000001	0.000000	0.000000	0.000000	0.000000	0.000000	0.000000	0.000000	0.000000	0.000000	0.000001	
51.757813	0.000000	0.000001	0.000002	0.000001	0.000005	0.000001	0.000001	0.000001	0.000001	0.000001	0.000001	0.000000	0.000000	0.000001	0.000000	0.000000	0.000000	0.000000	0.000000	0.000000	0.000000	0.000000	0.000000	0.000001	
52.734375	0.000000	0.000001	0.000002	0.000001	0.000005	0.000001	0.000001	0.000001	0.000001	0.000001	0.000001	0.000000	0.000000	0.000001	0.000000	0.000000	0.000000	0.000000	0.000000	0.000000	0.000000	0.000000	0.000000	0.000001	
53.710938	0.000000	0.000001	0.000002	0.000001	0.000005	0.000001	0.000001	0.000001	0.000001	0.000001	0.000001	0.000000	0.000000	0.000001	0.000000	0.000000	0.000000	0.000000	0.000000	0.000000	0.000000	0.000000	0.000000	0.000001	
54.687500	0.000000	0.000001	0.000002	0.000001	0.000005	0.000001	0.000001	0.000001	0.000001	0.000001	0.000000	0.000000	0.000000	0.000001	0.000000	0.000000	0.000000	0.000000	0.000000	0.000000	0.000000	0.000000	0.000000	0.000001	
55.664063	0.000000	0.000001	0.000002	0.000001	0.000004	0.000001	0.000001	0.000001	0.000001	0.000001	0.000000	0.000000	0.000000	0.000001	0.000000	0.000000	0.000000	0.000000	0.000000	0.000000	0.000000	0.000000	0.000000	0.000001	
56.640625	0.000000	0.000001	0.000002	0.000001	0.000004	0.000001	0.000001	0.000001	0.000001	0.000001	0.000000	0.000000	0.000000	0.000001	0.000000	0.000000	0.000000	0.000000	0.000000	0.000000	0.000000	0.000000	0.000000	0.000001	
57.617188	0.000000	0.000001	0.000002	0.000001	0.000004	0.000001	0.000001	0.000001	0.000001	0.000001	0.000000	0.000000	0.000000	0.000001	0.000000	0.000000	0.000000	0.000000	0.000000	0.000000	0.000000	0.000000	0.000000	0.000001	
58.593750	0.000000	0.000001	0.000014	0.000001	0.000005	0.000001	0.000001	0.000001	0.000001	0.000001	0.000000	0.000000	0.000000	0.000001	0.000000	0.000000	0.000000	0.000000	0.000000	0.000000	0.000000	0.000000	0.000000	0.000001	
59.570313	0.000001	0.000002	0.000175	0.000002	0.000013	0.000001	0.000001	0.000001	0.000001	0.000001	0.000001	0.000001	0.000001	0.000001	0.000001	0.000001	0.000001	0.000001	0.000001	0.000001	0.000001	0.000001	0.000001	0.000001	
60.546875	0.000001	0.000002	0.000144	0.000002	0.000011	0.000001	0.000001	0.000001	0.000001	0.000001	0.000001	0.000001	0.000001	0.000001	0.000001	0.000001	0.000001	0.000001	0.000001	0.000001	0.000001	0.000001	0.000001	0.000001	
61.523438	0.000000	0.000001	0.000008	0.000001	0.000005	0.000001	0.000001	0.000001	0.000001	0.000001	0.000000	0.000000	0.000000	0.000001	0.000000	0.000000	0.000000	0.000000	0.000000	0.000000	0.000000	0.000000	0.000000	0.000001	
62.500000	0.000000	0.000001	0.000002	0.000001	0.000004	0.000001	0.000001	0.000001	0.000000	0.000001	0.000000	0.000000	0.000000	0.000001	0.000000	0.000000	0.000000	0.000000	0.000000	0.000000	0.000000	0.000000	0.000000	0.000001	
63.476563	0.000000	0.000000	0.000002	0.000001	0.000004	0.000001	0.000001	0.000001	0.000000	0.000001	0.000000	0.000000	0.000000	0.000001	0.000000	0.000000	0.000000	0.000000	0.000000	0.000000	0.000000	0.000000	0.000000	0.000001	
64.453125	0.000000	0.000000	0.000002	0.000001	0.000004	0.000001	0.000001	0.000001	0.000000	0.000001	0.000000	0.000000	0.000000	0.000001	0.000000	0.000000	0.000000	0.000000	0.000000	0.000000	0.000000	0.000000	0.000000	0.000001	
65.429688	0.000000	0.000000	0.000002	0.000001	0.000004	0.000001	0.000001	0.000000	0.000000	0.000001	0.000000	0.000000	0.000000	0.000001	0.000000	0.000000	0.000000	0.000000	0.000000	0.000000	0.000000	0.000000	0.000000	0.000001	
66.406250	0.000000	0.000000	0.000002	0.000001	0.000004	0.000001	0.000001	0.000000	0.000000	0.000001	0.000000	0.000000	0.000000	0.000001	0.000000	0.000000	0.000000	0.000000	0.000000	0.000000	0.000000	0.000000	0.000000	0.000001	
67.382813	0.000000	0.000000	0.000002	0.000001	0.000003	0.000001	0.000001	0.000000	0.000000	0.000001	0.000000	0.000000	0.000000	0.000001	0.000000	0.000000	0.000000	0.000000	0.000000	0.000000	0.000000	0.000000	0.000000	0.000001	
68.359375	0.000000	0.000000	0.000002	0.000001	0.000003	0.000001	0.000001	0.000000	0.000000	0.000001	0.000000	0.000000	0.000000	0.000001	0.000000	0.000000	0.000000	0.000000	0.000000	0.000000	0.000000	0.000000	0.000000	0.000001	
69.335938	0.000000	0.000000	0.000006	0.000001	0.000003	0.000001	0.000001	0.000000	0.000000	0.000001	0.000000	0.000000	0.000000	0.000001	0.000000	0.000000	0.000000	0.000000	0.000000	0.000000	0.000000	0.000000	0.000000	0.000001	
70.312500	0.000000	0.000000	0.000010	0.000001	0.000004	0.000001	0.000001	0.000000	0.000000	0.000001	0.000000	0.000000	0.000000	0.000000	0.000000	0.000000	0.000000	0.000000	0.000000	0.000000	0.000000	0.000000	0.000000	0.000001	
71.289063	0.000000	0.000000	0.000003	0.000001	0.000003	0.000001	0.000001	0.000000	0.000000	0.000001	0.000000	0.000000	0.000000	0.000001	0.000000	0.000000	0.000000	0.000000	0.000000	0.000000	0.000000	0.000000	0.000000	0.000001	
72.265625	0.000000	0.000000	0.000002	0.000001	0.000003	0.000001	0.000001	0.000000	0.000000	0.000001	0.000000	0.000000	0.000000	0.000001	0.000000	0.000000	0.000000	0.000000	0.000000	0.000000	0.000000	0.000000	0.000000	0.000001	
73.242188	0.000000	0.000000	0.000001	0.000001	0.000003	0.000001	0.000001	0.000000	0.000000	0.000001	0.000000	0.000000	0.000000	0.000001	0.000000	0.000000	0.000000	0.000000	0.000000	0.000000	0.000000	0.000000	0.000000	0.000001	
74.218750	0.000000	0.000000	0.000001	0.000001	0.000003	0.000001	0.000000	0.000000	0.000000	0.000001	0.000000	0.000000	0.000000	0.000000	0.000000	0.000000	0.000000	0.000000	0.000000	0.000000	0.000000	0.000000	0.000000	0.000001	
75.195313	0.000000	0.000000	0.000001	0.000001	0.000003	0.000001	0.000000	0.000000	0.000000	0.000001	0.000000	0.000000	0.000000	0.000000	0.000000	0.000000	0.000000	0.000000	0.000000	0.000000	0.000000	0.000000	0.000000	0.000001	
76.171875	0.000000	0.000000	0.000001	0.000001	0.000003	0.000001	0.000000	0.000000	0.000000	0.000001	0.000000	0.000000	0.000000	0.000000	0.000000	0.000000	0.000000	0.000000	0.000000	0.000000	0.000000	0.000000	0.000000	0.000001	
77.148438	0.000000	0.000000	0.000001	0.000001	0.000003	0.000001	0.000000	0.000000	0.000000	0.000001	0.000000	0.000000	0.000000	0.000000	0.000000	0.000000	0.000000	0.000000	0.000000	0.000000	0.000000	0.000000	0.000000	0.000001	
78.125000	0.000000	0.000000	0.000001	0.000001	0.000003	0.000001	0.000000	0.000000	0.000000	0.000001	0.000000	0.000000	0.000000	0.000000	0.000000	0.000000	0.000000	0.000000	0.000000	0.000000	0.000000	0.000000	0.000000	0.000001	
79.101563	0.000000	0.000000	0.000002	0.000001	0.000003	0.000001	0.000000	0.000000	0.000000	0.000001	0.000000	0.000000	0.000000	0.000000	0.000000	0.000000	0.000000	0.000000	0.000000	0.000000	0.000000	0.000000	0.000000	0.000001	
80.078125	0.000000	0.000000	0.000002	0.000001	0.000003	0.000001	0.000000	0.000000	0.000000	0.000001	0.000000	0.000000	0.000000	0.000000	0.000000	0.000000	0.000000	0.000000	0.000000	0.000000	0.000000	0.000000	0.000000	0.000001	
81.054688	0.000000	0.000000	0.000001	0.000001	0.000003	0.000001	0.000000	0.000000	0.000000	0.000001	0.000000	0.000000	0.000000	0.000000	0.000000	0.000000	0.000000	0.000000	0.000000	0.000000	0.000000	0.000000	0.000000	0.000001	
82.031250	0.000000	0.000000	0.000001	0.000001	0.000003	0.000001	0.000000	0.000000	0.000000	0.000001	0.000000	0.000000	0.000000	0.000000	0.000000	0.000000	0.000000	0.000000	0.000000	0.000000	0.000000	0.000000	0.000000	0.000001	
83.007813	0.000000	0.000000	0.000001	0.000000	0.000003	0.000001	0.000000	0.000000	0.000000	0.000001	0.000000	0.000000	0.000000	0.000000	0.000000	0.000000	0.000000	0.000000	0.000000	0.000000	0.000000	0.000000	0.000000	0.000001	
83.984375	0.000000	0.000000	0.000001	0.000001	0.000003	0.000001	0.000000	0.000000	0.000000	0.000001	0.000000	0.000000	0.000000	0.000000	0.000000	0.000000	0.000000	0.000000	0.000000	0.000000	0.000000	0.000000	0.000000	0.000001	
84.960938	0.000000	0.000000	0.000001	0.000001	0.000003	0.000001	0.000000	0.000000	0.000000	0.000001	0.000000	0.000000	0.000000	0.000000	0.000000	0.000000	0.000000	0.000000	0.000000	0.000000	0.000000	0.000000	0.000000	0.000001	
85.937500	0.000000	0.000000	0.000001	0.000001	0.000003	0.000001	0.000000	0.000000	0.000000	0.000001	0.000000	0.000000	0.000000	0.000000	0.000000	0.000000	0.000000	0.000000	0.000000	0.000000	0.000000	0.000000	0.000000	0.000001	
86.914063	0.000000	0.000000	0.000001	0.000001	0.000003	0.000001	0.000000	0.000000	0.000000	0.000001	0.000000	0.000000	0.000000	0.000000	0.000000	0.000000	0.000000	0.000000	0.000000	0.000000	0.000000	0.000000	0.000000	0.000001	
87.890625	0.000000	0.000000	0.000001	0.000001	0.000003	0.000001	0.000000	0.000000	0.000000	0.000001	0.000000	0.000000	0.000000	0.000000	0.000000	0.000000	0.000000	0.000000	0.000000	0.000000	0.000000	0.000000	0.000000	0.000000	
88.867188	0.000000	0.000000	0.000001	0.000001	0.000003	0.000001	0.000000	0.000000	0.000000	0.000001	0.000000	0.000000	0.000000	0.000000	0.000000	0.000000	0.000000	0.000000	0.000000	0.000000	0.000000	0.000000	0.000000	0.000000	
89.843750	0.000000	0.000000	0.000001	0.000001	0.000003	0.000001	0.000000	0.000000	0.000000	0.000000	0.000000	0.000000	0.000000	0.000000	0.000000	0.000000	0.000000	0.000000	0.000000	0.000000	0.000000	0.000000	0.000000	0.000000	
90.820313	0.000000	0.000000	0.000001	0.000001	0.000002	0.000001	0.000000	0.000000	0.000000	0.000000	0.000000	0.000000	0.000000	0.000000	0.000000	0.000000	0.000000	0.000000	0.000000	0.000000	0.000000	0.000000	0.000000	0.000000	
91.796875	0.000000	0.000000	0.000001	0.000001	0.000002	0.000001	0.000000	0.000000	0.000000	0.000000	0.000000	0.000000	0.000000	0.000000	0.000000	0.000000	0.000000	0.000000	0.000000	0.000000	0.000000	0.000000	0.000000	0.000000	
92.773438	0.000000	0.000000	0.000001	0.000001	0.000002	0.000001	0.000000	0.000000	0.000000	0.000000	0.000000	0.000000	0.000000	0.000000	0.000000	0.000000	0.000000	0.000000	0.000000	0.000000	0.000000	0.000000	0.000000	0.000001	
93.750000	0.000000	0.000000	0.000001	0.000001	0.000002	0.000001	0.000000	0.000000	0.000000	0.000001	0.000000	0.000000	0.000000	0.000000	0.000000	0.000000	0.000000	0.000000	0.000000	0.000000	0.000000	0.000000	0.000000	0.000000	
94.726563	0.000000	0.000000	0.000001	0.000000	0.000002	0.000000	0.000000	0.000000	0.000000	0.000000	0.000000	0.000000	0.000000	0.000000	0.000000	0.000000	0.000000	0.000000	0.000000	0.000000	0.000000	0.000000	0.000000	0.000000	
95.703125	0.000000	0.000000	0.000001	0.000000	0.000002	0.000000	0.000000	0.000000	0.000000	0.000000	0.000000	0.000000	0.000000	0.000000	0.000000	0.000000	0.000000	0.000000	0.000000	0.000000	0.000000	0.000000	0.000000	0.000000	
96.679688	0.000000	0.000000	0.000001	0.000001	0.000002	0.000000	0.000000	0.000000	0.000000	0.000001	0.000000	0.000000	0.000000	0.000000	0.000000	0.000000	0.000000	0.000000	0.000000	0.000000	0.000000	0.000000	0.000000	0.000000	
97.656250	0.000000	0.000000	0.000001	0.000001	0.000002	0.000000	0.000000	0.000000	0.000000	0.000000	0.000000	0.000000	0.000000	0.000000	0.000000	0.000000	0.000000	0.000000	0.000000	0.000000	0.000000	0.000000	0.000000	0.000000	
98.632813	0.000000	0.000000	0.000001	0.000001	0.000002	0.000000	0.000000	0.000000	0.000000	0.000000	0.000000	0.000000	0.000000	0.000000	0.000000	0.000000	0.000000	0.000000	0.000000	0.000000	0.000000	0.000000	0.000000	0.000000	
99.609375	0.000000	0.000000	0.000001	0.000001	0.000002	0.000000	0.000000	0.000000	0.000000	0.000000	0.000000	0.000000	0.000000	0.000000	0.000000	0.000000	0.000000	0.000000	0.000000	0.000000	0.000000	0.000000	0.000000	0.000000	
100.585938	0.000000	0.000000	0.000001	0.000001	0.000002	0.000001	0.000000	0.000000	0.000000	0.000000	0.000000	0.000000	0.000000	0.000000	0.000000	0.000000	0.000000	0.000000	0.000000	0.000000	0.000000	0.000000	0.000000	0.000000	
101.562500	0.000000	0.000000	0.000001	0.000000	0.000002	0.000001	0.000000	0.000000	0.000000	0.000000	0.000000	0.000000	0.000000	0.000000	0.000000	0.000000	0.000000	0.000000	0.000000	0.000000	0.000000	0.000000	0.000000	0.000000	
102.539063	0.000000	0.000000	0.000001	0.000000	0.000002	0.000000	0.000000	0.000000	0.000000	0.000000	0.000000	0.000000	0.000000	0.000000	0.000000	0.000000	0.000000	0.000000	0.000000	0.000000	0.000000	0.000000	0.000000	0.000000	
103.515625	0.000000	0.000000	0.000001	0.000000	0.000002	0.000000	0.000000	0.000000	0.000000	0.000000	0.000000	0.000000	0.000000	0.000000	0.000000	0.000000	0.000000	0.000000	0.000000	0.000000	0.000000	0.000000	0.000000	0.000000	
104.492188	0.000000	0.000000	0.000001	0.000000	0.000002	0.000000	0.000000	0.000000	0.000000	0.000000	0.000000	0.000000	0.000000	0.000000	0.000000	0.000000	0.000000	0.000000	0.000000	0.000000	0.000000	0.000000	0.000000	0.000000	
105.468750	0.000000	0.000000	0.000001	0.000000	0.000002	0.000000	0.000000	0.000000	0.000000	0.000000	0.000000	0.000000	0.000000	0.000000	0.000000	0.000000	0.000000	0.000000	0.000000	0.000000	0.000000	0.000000	0.000000	0.000000	
106.445313	0.000000	0.000000	0.000001	0.000000	0.000002	0.000000	0.000000	0.000000	0.000000	0.000000	0.000000	0.000000	0.000000	0.000000	0.000000	0.000000	0.000000	0.000000	0.000000	0.000000	0.000000	0.000000	0.000000	0.000000	
107.421875	0.000000	0.000000	0.000001	0.000000	0.000002	0.000000	0.000000	0.000000	0.000000	0.000000	0.000000	0.000000	0.000000	0.000000	0.000000	0.000000	0.000000	0.000000	0.000000	0.000000	0.000000	0.000000	0.000000	0.000000	
108.398438	0.000000	0.000000	0.000001	0.000000	0.000002	0.000000	0.000000	0.000000	0.000000	0.000000	0.000000	0.000000	0.000000	0.000000	0.000000	0.000000	0.000000	0.000000	0.000000	0.000000	0.000000	0.000000	0.000000	0.000000	
109.375000	0.000000	0.000000	0.000001	0.000000	0.000002	0.000000	0.000000	0.000000	0.000000	0.000000	0.000000	0.000000	0.000000	0.000000	0.000000	0.000000	0.000000	0.000000	0.000000	0.000000	0.000000	0.000000	0.000000	0.000000	
110.351563	0.000000	0.000000	0.000001	0.000000	0.000002	0.000000	0.000000	0.000000	0.000000	0.000000	0.000000	0.000000	0.000000	0.000000	0.000000	0.000000	0.000000	0.000000	0.000000	0.000000	0.000000	0.000000	0.000000	0.000000	
111.328125	0.000000	0.000000	0.000001	0.000000	0.000002	0.000000	0.000000	0.000000	0.000000	0.000000	0.000000	0.000000	0.000000	0.000000	0.000000	0.000000	0.000000	0.000000	0.000000	0.000000	0.000000	0.000000	0.000000	0.000000	
112.304688	0.000000	0.000000	0.000001	0.000000	0.000002	0.000000	0.000000	0.000000	0.000000	0.000000	0.000000	0.000000	0.000000	0.000000	0.000000	0.000000	0.000000	0.000000	0.000000	0.000000	0.000000	0.000000	0.000000	0.000000	
113.281250	0.000000	0.000000	0.000001	0.000000	0.000002	0.000000	0.000000	0.000000	0.000000	0.000000	0.000000	0.000000	0.000000	0.000000	0.000000	0.000000	0.000000	0.000000	0.000000	0.000000	0.000000	0.000000	0.000000	0.000000	
114.257813	0.000000	0.000000	0.000002	0.000000	0.000002	0.000000	0.000000	0.000000	0.000000	0.000000	0.000000	0.000000	0.000000	0.000000	0.000000	0.000000	0.000000	0.000000	0.000000	0.000000	0.000000	0.000000	0.000000	0.000000	
115.234375	0.000000	0.000000	0.000001	0.000000	0.000002	0.000000	0.000000	0.000000	0.000000	0.000000	0.000000	0.000000	0.000000	0.000000	0.000000	0.000000	0.000000	0.000000	0.000000	0.000000	0.000000	0.000000	0.000000	0.000000	
116.210938	0.000000	0.000000	0.000001	0.000000	0.000002	0.000000	0.000000	0.000000	0.000000	0.000000	0.000000	0.000000	0.000000	0.000000	0.000000	0.000000	0.000000	0.000000	0.000000	0.000000	0.000000	0.000000	0.000000	0.000000	
117.187500	0.000000	0.000000	0.000002	0.000000	0.000002	0.000000	0.000000	0.000000	0.000000	0.000000	0.000000	0.000000	0.000000	0.000000	0.000000	0.000000	0.000000	0.000000	0.000000	0.000000	0.000000	0.000000	0.000000	0.000000	
118.164063	0.000000	0.000000	0.000002	0.000000	0.000002	0.000000	0.000000	0.000000	0.000000	0.000000	0.000000	0.000000	0.000000	0.000000	0.000000	0.000000	0.000000	0.000000	0.000000	0.000000	0.000000	0.000000	0.000000	0.000000	
119.140625	0.000000	0.000000	0.000004	0.000000	0.000002	0.000000	0.000000	0.000000	0.000000	0.000000	0.000000	0.000000	0.000000	0.000000	0.000000	0.000000	0.000000	0.000000	0.000000	0.000000	0.000000	0.000000	0.000000	0.000000	
120.117188	0.000000	0.000000	0.000006	0.000000	0.000002	0.000000	0.000000	0.000000	0.000000	0.000000	0.000000	0.000000	0.000000	0.000000	0.000000	0.000000	0.000000	0.000000	0.000000	0.000000	0.000000	0.000000	0.000000	0.000000	
121.093750	0.000000	0.000000	0.000003	0.000000	0.000002	0.000000	0.000000	0.000000	0.000000	0.000000	0.000000	0.000000	0.000000	0.000000	0.000000	0.000000	0.000000	0.000000	0.000000	0.000000	0.000000	0.000000	0.000000	0.000000	
122.070313	0.000000	0.000000	0.000002	0.000000	0.000002	0.000000	0.000000	0.000000	0.000000	0.000000	0.000000	0.000000	0.000000	0.000000	0.000000	0.000000	0.000000	0.000000	0.000000	0.000000	0.000000	0.000000	0.000000	0.000000	
123.046875	0.000000	0.000000	0.000003	0.000000	0.000002	0.000000	0.000000	0.000000	0.000000	0.000000	0.000000	0.000000	0.000000	0.000000	0.000000	0.000000	0.000000	0.000000	0.000000	0.000000	0.000000	0.000000	0.000000	0.000000	
124.023438	0.000000	0.000000	0.000002	0.000000	0.000002	0.000000	0.000000	0.000000	0.000000	0.000000	0.000000	0.000000	0.000000	0.000000	0.000000	0.000000	0.000000	0.000000	0.000000	0.000000	0.000000	0.000000	0.000000	0.000000	
125.000000	0.000000	0.000000	0.000002	0.000000	0.000002	0.000000	0.000000	0.000000	0.000000	0.000000	0.000000	0.000000	0.000000	0.000000	0.000000	0.000000	0.000000	0.000000	0.000000	0.000000	0.000000	0.000000	0.000000	0.000000	

EpochNo	89	777	193	452	412	443	706	848	409	681	572	719	669	855	833	490	856	840	855	741	622	414	785	387	
Discarded	0	0	0	0	0	0	0	0	0	0	0	0	0	0	0	0	0	0	0	0	0	0	0	0	

Delta	0.000038	0.000060	0.000110	0.000073	0.000202	0.000025	0.000022	0.000023	0.000031	0.000039	0.000035	0.000028	0.000025	0.000040	0.000031	0.000021	0.000021	0.000023	0.000022	0.000028	0.000026	0.000027	0.000023	0.000036	
Theta	0.000017	0.000022	0.000031	0.000026	0.000067	0.000014	0.000013	0.000011	0.000015	0.000018	0.000014	0.000014	0.000012	0.000020	0.000015	0.000011	0.000011	0.000012	0.000012	0.000014	0.000014	0.000014	0.000012	0.000014	
Alpha	0.000006	0.000009	0.000013	0.000011	0.000032	0.000004	0.000003	0.000003	0.000004	0.000006	0.000005	0.000005	0.000004	0.000008	0.000005	0.000003	0.000003	0.000004	0.000004	0.000005	0.000005	0.000006	0.000005	0.000005	
Gammas	0.000001	0.000002	0.000003	0.000002	0.000010	0.000002	0.000001	0.000001	0.000001	0.000002	0.000001	0.000001	0.000001	0.000002	0.000001	0.000001	0.000001	0.000001	0.000001	0.000001	0.000001	0.000001	0.000001	0.000002	
GammaF	0.000000	0.000001	0.000010	0.000001	0.000005	0.000001	0.000001	0.000001	0.000001	0.000001	0.000000	0.000000	0.000000	0.000001	0.000000	0.000000	0.000000	0.000000	0.000000	0.000000	0.000000	0.000000	0.000000	0.000001	
Total	0.000003	0.000004	0.000010	0.000005	0.000015	0.000002	0.000002	0.000002	0.000002	0.000003	0.000002	0.000002	0.000002	0.000003	0.000002	0.000002	0.000002	0.000002	0.000002	0.000002	0.000002	0.000002	0.000002	0.000003	

